"Date","open SR Price in USD","high SR Price in USD","low SR Price in USD","close SR Price in USD","SR Volume","Days to cover 3m (on loan)","Cost To Borrow","Exchange Reported SI","Estimated Short Interest","Dividends","hidden"
"17-Nov-11",,,,,,,,,,
"08-Dec-11",,,,,,,,,,
"04-Jan-12",,,,,,,,,,
"26-Jan-12",,,,,,,,,,
"08-Mar-12",,,,,,,,,,
"03-Apr-12",,,,,,,,,,
"27-Apr-12",,,,,,,,,,
"07-Jun-12",,,,,,,,,,
"03-Jul-12",,,,,,,,,,
"27-Jul-12",,,,,,,,,,
"07-Sep-12",,,,,,,,,,
"02-Oct-12",,,,,,,,,,
"14-Nov-12",,,,,,,,,,
"07-Dec-12",,,,,,,,,,
"03-Jan-13",,,,,,,,,,
"31-Jan-13",,,,,,,,,,
"07-Mar-13",,,,,,,,,,
"02-Apr-13",,,,,,,,,,
"25-Apr-13",,,,,,,,,,
"07-Jun-13",,,,,,,,,,
"02-Jul-13",,,,,,,,,,
"25-Jul-13",,,,,,,,,,
"09-Sep-13",,,,,,,,,,
"02-Oct-13",,,,,,,,,,
"21-Nov-13",,,,,,,,,,
"09-Dec-13",,,,,,,,,,
"03-Jan-14",,,,,,,,,,
"30-Jan-14",,,,,,,,,,
"07-Mar-14",,,,,,,,,,
"02-Apr-14",,,,,,,,,,
"24-Apr-14",,,,,,,,,,
"09-Jun-14",,,,,,,,,,
"02-Jul-14",,,,,,,,,,
"31-Jul-14",,,,,,,,,,
"09-Sep-14",,,,,,,,,,
"02-Oct-14",,,,,,,,,,
"09-Dec-14",,,,,,,,,,
"02-Jan-15",53.45,53.6645,52.5,53.31,135799
"05-Jan-15",53.19,53.42,52,52.38,291664,,,,,
"06-Jan-15",52.49,52.7775,51.94,52.27,531327
"07-Jan-15",52.46,52.77,52.22,52.73,166304
"08-Jan-15",52.96,53.18,52.77,53.07,229328
"09-Jan-15",52.97,53.26,52.5,53,129205
"12-Jan-15",53.02,53.13,52.35,53.1,175538
"13-Jan-15",53.32,54.24,52.63,53.2,198397
"14-Jan-15",52.89,53.88,52.666,53.85,113204
"15-Jan-15",53.93,54.1,53.21,53.94,163576
"16-Jan-15",53.8,54.57,53.6,54.49,194116
"20-Jan-15",54.49,54.895,54.11,54.78,190094
"21-Jan-15",54.73,55.06,54.19,55.01,167000
"22-Jan-15",55.01,55.23,54.54,54.93,134130
"23-Jan-15",54.93,55.71,54.6,55.46,174181
"26-Jan-15",55.42,55.42,54.51,55.18,157975
"27-Jan-15",54.93,55.35,54.82,55.19,121185
"28-Jan-15",55.25,55.55,54.41,54.52,282857
"29-Jan-15",54.61,55.52,54.27,55.43,153682,,,,,
"30-Jan-15",55.25,55.3,53.7,53.76,186490
"02-Feb-15",53.78,54.7199,53.35,54.66,197875
"03-Feb-15",54.59,55.35,54.545,55.2,539869
"04-Feb-15",55,55.75,54.34,54.66,448890
"05-Feb-15",54.7,55.17,54.58,54.98,282909
"06-Feb-15",54.92,54.92,52.72,52.99,290475
"09-Feb-15",52.94,53.2,52.08,52.51,177650
"10-Feb-15",52.58,53.28,52.34,53.21,291464
"11-Feb-15",53.13,53.44,51.41,52.07,266918
"12-Feb-15",52.18,52.54,51.8874,52.06,158854
"13-Feb-15",52.01,52.1805,51.15,51.59,250524
"17-Feb-15",51.64,52.01,51.2917,51.53,201768
"18-Feb-15",51.34,52.65,51.22,52.63,322176
"19-Feb-15",52.62,52.73,51.97,52.14,214533
"20-Feb-15",52.18,52.29,51.65,52.1,215849
"23-Feb-15",52.15,52.7297,51.76,52.71,165427
"24-Feb-15",52.7,53.14,52.4,52.69,169987
"25-Feb-15",52.85,52.87,51.92,51.99,128880
"26-Feb-15",52.12,52.25,51.64,51.74,166711
"27-Feb-15",51.9,52.49,51.63,51.76,238933
"02-Mar-15",51.89,51.89,50.875,51,310271
"03-Mar-15",51.04,51.46,50.48,51.1,300623
"04-Mar-15",51.02,51.07,50.32,50.61,188633
"05-Mar-15",50.55,51.19,50.28,51.03,205051
"06-Mar-15",50.5,50.691,49.5655,49.93,298364
"09-Mar-15",49.76,50.07,49.64,49.79,203342,,,,,
"10-Mar-15",49.44,50.17,49.3301,49.62,164719
"11-Mar-15",49.55,49.95,49.07,49.65,314112
"12-Mar-15",49.9,50.8,49.66,50.52,129561
"13-Mar-15",50.58,50.58,49.38,49.97,136413
"16-Mar-15",50.12,50.71,50.03,50.3,115342
"17-Mar-15",50.32,50.73,50.15,50.66,167996
"18-Mar-15",50.59,51.9,50.59,51.68,164254
"19-Mar-15",51.54,51.985,51.1,51.32,93314
"20-Mar-15",51.66,51.82,51.17,51.75,353037
"23-Mar-15",51.75,51.935,51.35,51.73,201294
"24-Mar-15",51.75,51.8,51.32,51.46,188992
"25-Mar-15",51.67,52.15,50.81,50.83,119126
"26-Mar-15",50.59,51.24,50.49,50.55,100514
"27-Mar-15",50.56,51.08,50.44,50.9,109070
"30-Mar-15",51.32,51.82,51.01,51.46,155002
"31-Mar-15",51.38,51.69,50.62,51.22,179775
"01-Apr-15",51.05,51.77,50.82,51.64,197677
"02-Apr-15",51.67,52.24,51.67,51.95,171795,,,,,
"06-Apr-15",51.91,52.54,51.87,52.36,110104
"07-Apr-15",52.25,52.5,51.69,51.7,80430
"08-Apr-15",51.64,51.95,51.27,51.88,142478
"09-Apr-15",51.73,52.08,51.11,51.56,147640
"10-Apr-15",51.87,52.14,51.44,52.1,103791
"13-Apr-15",51.96,52.3,51.49,51.63,76498
"14-Apr-15",51.76,52.0299,51.61,51.88,92100
"15-Apr-15",51.93,52.23,51.78,51.82,98460
"16-Apr-15",51.82,51.91,51.0001,51.6,105407
"17-Apr-15",51.26,51.77,50.82,51.09,126105
"20-Apr-15",51.23,52.32,51.17,51.61,167126
"21-Apr-15",51.8,52.1599,51.3701,51.66,149433
"22-Apr-15",51.69,51.73,51.14,51.59,99898
"23-Apr-15",51.63,52.25,51.57,52.21,99320
"24-Apr-15",52.16,52.8799,52.16,52.61,215007
"27-Apr-15",52.84,52.84,52.05,52.41,313103
"28-Apr-15",52.49,52.95,51.91,52.72,179251
"29-Apr-15",52.33,52.46,51.91,52.26,145945
"30-Apr-15",51.81,52.43,51.698,51.93,637063,,,,,
"01-May-15",52.1,52.1,51.56,51.8,306367
"04-May-15",51.95,52.45,51.78,51.85,241811
"05-May-15",51.64,51.84,50.87,51.15,417675
"06-May-15",51.75,51.75,50.04,50.57,340123
"07-May-15",50.7,52.1,50.32,51.76,465313
"08-May-15",52.45,52.45,51.54,51.91,273104
"11-May-15",51.65,52.17,51.516,51.85,242019
"12-May-15",51.71,52.06,51.2,52.04,179484
"13-May-15",52.22,52.22,51.63,51.76,334385
"14-May-15",52.05,52.7,52.05,52.48,265270
"15-May-15",52.53,53.11,52.41,52.92,225667
"18-May-15",52.81,53.2,52.81,53.2,428621
"19-May-15",53.02,53.39,52.84,53.24,254942
"20-May-15",53.38,53.89,53.245,53.32,314770
"21-May-15",53.41,53.585,53.09,53.29,268788
"22-May-15",53.31,53.31,52.83,52.87,222765
"26-May-15",52.85,52.93,52.17,52.49,185782
"27-May-15",52.75,52.87,52.2801,52.82,121788
"28-May-15",52.92,53.35,52.578,53.34,198053
"29-May-15",53.3,53.71,53.18,53.51,286936
"01-Jun-15",53.62,54.32,53.34,53.83,233493
"02-Jun-15",53.59,53.59,52.75,52.77,399048
"03-Jun-15",52.81,52.83,52.4301,52.58,299859
"04-Jun-15",52.54,53.02,52.51,52.73,565401
"05-Jun-15",52.59,53.204,51.91,52,331908
"08-Jun-15",51.98,52.258,51.66,51.77,252987
"09-Jun-15",51.41,51.77,51.07,51.12,133461,,,,,
"10-Jun-15",51.6,51.84,51.19,51.46,268967
"11-Jun-15",51.69,51.91,51.56,51.91,351367
"12-Jun-15",51.8,51.91,51.64,51.66,315813
"15-Jun-15",51.56,51.89,51.23,51.75,282888
"16-Jun-15",51.64,52.35,51.44,52.26,233029
"17-Jun-15",52.42,52.8348,52.052,52.3,132916
"18-Jun-15",52.42,53.06,52.12,52.92,152022
"19-Jun-15",53.09,53.09,52.79,52.86,327079
"22-Jun-15",52.87,53,52.585,52.79,168398
"23-Jun-15",52.81,52.98,52.44,52.77,213094
"24-Jun-15",52.66,52.98,52.53,52.55,638067
"25-Jun-15",51.81,51.94,51.32,51.44,407254
"26-Jun-15",51.4,51.9,50.93,51.87,488192
"29-Jun-15",51.69,52.12,51.69,51.95,365954
"30-Jun-15",52.1,52.16,51.76,52.06,439283
"01-Jul-15",51.95,52.19,51.48,51.66,370892
"02-Jul-15",52.28,52.32,51.81,52.23,156132,,,,,
"06-Jul-15",52.23,52.93,52.03,52.89,401275
"07-Jul-15",52.93,54.18,52.72,53.95,540539
"08-Jul-15",53.69,54.07,53.51,54.04,352403
"09-Jul-15",54.04,54.2,53.48,53.5,438087
"10-Jul-15",53.6,54.2,53.27,53.64,335236
"13-Jul-15",53.75,54.21,53.75,54.05,344512
"14-Jul-15",54.02,54.389,53.795,53.93,421563
"15-Jul-15",53.93,54.08,53.4901,53.91,210301
"16-Jul-15",54.03,54.74,53.89,54.58,250747
"17-Jul-15",54.59,54.68,54.157,54.23,236525
"20-Jul-15",54.23,54.23,53.46,53.82,332109
"21-Jul-15",53.86,53.97,53.38,53.64,250204
"22-Jul-15",53.66,53.99,53.44,53.79,143601
"23-Jul-15",53.82,53.82,53.01,53.12,336348
"24-Jul-15",53.01,53.41,52.93,53.06,229531
"27-Jul-15",53.03,53.74,52.85,53.24,161649
"28-Jul-15",53.44,53.49,52.8025,53.46,202522
"29-Jul-15",53.42,53.7,53.09,53.42,141016
"30-Jul-15",53.28,54.04,53.28,53.58,180641,,,,,
"31-Jul-15",53.99,54.64,53.79,54.11,231462
"03-Aug-15",54.14,54.67,53.86,54.24,221432
"04-Aug-15",54.21,54.21,53.234,53.41,114699
"05-Aug-15",54.22,54.34,53.53,53.81,173359
"06-Aug-15",53.61,53.61,52.49,53.54,264739
"07-Aug-15",53.28,53.76,52.95,53.76,217203
"10-Aug-15",53.82,54.41,53.3833,53.67,164432
"11-Aug-15",53.56,54.16,53.31,54.15,149082
"12-Aug-15",53.94,54.83,53.91,54.73,213675
"13-Aug-15",54.62,55,54.24,54.41,192895
"14-Aug-15",54.3,55.56,54.3,55.44,212336
"17-Aug-15",55.33,56.31,55.3,56.02,239032
"18-Aug-15",55.75,55.99,55.66,55.76,142041
"19-Aug-15",55.52,56.04,55.315,55.79,133411
"20-Aug-15",55.37,55.68,54.95,54.99,155916
"21-Aug-15",54.32,55.36,53.73,54.62,251680
"24-Aug-15",51.52,55.03,51.52,53.06,461557
"25-Aug-15",54.33,54.79,52.56,52.61,268051
"26-Aug-15",53.62,53.62,51.6,52.7,284139
"27-Aug-15",52.88,53.25,52.13,53.15,249670
"28-Aug-15",53.2,53.25,52.45,52.98,122973
"31-Aug-15",52.9,53.04,52,52.94,251129
"01-Sep-15",52.24,52.75,51.71,51.86,268657
"02-Sep-15",52.27,52.27,51.11,51.53,191319
"03-Sep-15",51.5,51.82,51.27,51.43,153643
"04-Sep-15",51,51.15,50.4,50.72,130790
"08-Sep-15",51,51.29,50.97,51.2,257025
"09-Sep-15",50.9,51.64,50.44,50.51,315695,,,,,
"10-Sep-15",50.5,50.75,50.02,50.14,171803
"11-Sep-15",50.01,50.5,49.66,50.49,124528
"14-Sep-15",50.48,50.825,50.2,50.65,111800
"15-Sep-15",50.6,50.942,50.3601,50.77,95681
"16-Sep-15",50.76,51.38,50.76,51.2,156225
"17-Sep-15",51.03,52.71,50.82,52.1,272814
"18-Sep-15",51.68,52.66,51.62,51.99,536108
"21-Sep-15",52.28,52.79,52.0201,52.75,229585
"22-Sep-15",52.56,52.97,52.26,52.51,214762
"23-Sep-15",52.67,52.96,52.13,52.51,211847
"24-Sep-15",52.49,53.45,52.34,53.26,273649
"25-Sep-15",53.44,54.52,53.135,53.73,297107
"28-Sep-15",53.7,54.48,53.7,53.75,379822
"29-Sep-15",53.77,54.3,53.27,53.58,258444
"30-Sep-15",53.69,54.62,53.465,54.53,258219
"01-Oct-15",54.73,54.91,53.86,54.58,329838
"02-Oct-15",54.66,55.86,54.66,55.86,393073,,,,,
"05-Oct-15",56.08,56.72,55.66,56.5,424796
"06-Oct-15",56.51,56.81,56.05,56.39,370829
"07-Oct-15",56.43,56.7,56.155,56.43,264412
"08-Oct-15",56.24,56.8864,56.02,56.75,273643
"09-Oct-15",56.9,56.9,56.4,56.8,296778
"12-Oct-15",56.88,57.98,56.72,57.6,328806
"13-Oct-15",57.5,57.5,56.97,57.03,326582
"14-Oct-15",57.08,57.52,56.98,57.44,818587
"15-Oct-15",57.73,58.28,57.4,58,349783
"16-Oct-15",58,59.01,57.95,58.86,381254
"19-Oct-15",58.78,59.38,58.765,59.35,400436
"20-Oct-15",58.79,58.92,57.89,58.33,703171
"21-Oct-15",58.33,58.48,57.605,57.85,564049
"22-Oct-15",58.04,58.04,57.46,57.58,318805
"23-Oct-15",57.67,57.67,56.89,57.1,352015
"26-Oct-15",57.33,58.31,57.32,58.1,616351
"27-Oct-15",57.93,58.41,57.68,57.99,433855
"28-Oct-15",58.05,58.59,57.311,58.31,338063
"29-Oct-15",57.95,58.36,57.76,58.32,194231
"30-Oct-15",58.33,59,58.33,58.57,222249
"02-Nov-15",58.48,58.62,58.06,58.16,180285
"03-Nov-15",58.01,58.68,57.64,58.52,220304
"04-Nov-15",58.47,58.96,58.19,58.32,278786
"05-Nov-15",58.34,58.41,57.51,57.56,329441
"06-Nov-15",56.89,56.89,55.15,55.34,327284
"09-Nov-15",55.06,55.68,54.331,55.53,348393
"10-Nov-15",55.56,56.62,55.418,56.54,275368
"11-Nov-15",56.55,57.205,56.55,56.99,172538
"12-Nov-15",56.98,57.57,56.19,56.21,178865
"13-Nov-15",56.08,56.6,55.65,55.65,214053
"16-Nov-15",55.58,56.75,55.5,56.67,164324
"17-Nov-15",56.6,56.8,56.17,56.47,185196
"18-Nov-15",56.43,57.1,55.88,57.08,149945
"19-Nov-15",57.1,57.76,57.085,57.53,178598
"20-Nov-15",57.87,58.085,57.62,57.89,189532
"23-Nov-15",57.94,58.27,57.59,58.27,218464
"24-Nov-15",57.48,58.685,57.38,58.32,205077,,,,,
"25-Nov-15",58.63,58.92,57.9,58.26,215908
"27-Nov-15",58.29,58.66,58.24,58.66,113843
"30-Nov-15",58.64,59.1,58.3,58.36,230098
"01-Dec-15",58.49,58.95,58.3,58.91,218041
"02-Dec-15",58.86,58.9,57.8801,58,249834
"03-Dec-15",58.01,58.09,56.91,57,192884
"04-Dec-15",57.03,57.72,57.03,57.71,188291
"07-Dec-15",57.7,57.87,57.19,57.84,174132
"08-Dec-15",57.75,58.03,57.5201,57.94,200685
"09-Dec-15",57.43,57.71,56.865,57.28,145011,,,,,
"10-Dec-15",57.23,57.23,56.06,56.21,146560
"11-Dec-15",55.59,56.43,55.35,55.77,179205
"14-Dec-15",55.68,56.43,55.24,56.25,202653
"15-Dec-15",56.15,56.83,55.79,56.77,178146
"16-Dec-15",57.18,57.96,56.835,57.78,248530
"17-Dec-15",57.89,58.1,57.4,57.89,164731
"18-Dec-15",57.74,58.2,57.16,57.87,588749
"21-Dec-15",57.95,58.04,57.685,57.95,218019
"22-Dec-15",58.05,58.76,57.49,58.71,132134
"23-Dec-15",58.87,59.72,58.87,59.48,151038
"24-Dec-15",59.5,59.85,59.28,59.63,55517
"28-Dec-15",59.43,60.45,59.2,60.27,178068
"29-Dec-15",60.51,60.91,60.25,60.44,112382
"30-Dec-15",60.34,61.04,60.34,60.52,167664
"31-Dec-15",60.52,60.785,59.24,59.41,176513
"04-Jan-16",58.07,59.54,57.8,58.62,346241
"05-Jan-16",58.74,59.103,58.14,58.95,161052,,,,,
"06-Jan-16",58.5,59.17,58.3,59.02,158069
"07-Jan-16",58.29,59.12,58.06,58.95,220663
"08-Jan-16",59,59.265,58.17,58.52,198835
"11-Jan-16",58.45,59.18,58.355,59.02,127229
"12-Jan-16",58.69,58.69,57.7,58.21,252646
"13-Jan-16",58.43,58.585,57.33,57.56,187958
"14-Jan-16",57.62,59.12,57.0994,58.88,297440
"15-Jan-16",57.44,58.56,57.44,58.47,267966
"19-Jan-16",58.55,59.62,58.33,59.36,261747
"20-Jan-16",59.27,59.36,58.17,58.88,431694
"21-Jan-16",59.18,59.195,58.12,58.22,252165
"22-Jan-16",58.38,59.38,57.9201,59.29,420049
"25-Jan-16",59.29,59.45,58.6,58.88,166559
"26-Jan-16",59.18,59.86,59.18,59.84,228279
"27-Jan-16",59.75,60.47,59.58,60.16,233118
"28-Jan-16",60.44,61.98,60.26,61.91,308498,,,,,
"29-Jan-16",62.08,63.94,62.07,63.94,378249
"01-Feb-16",64.2,64.33,63.305,63.72,346889
"02-Feb-16",63.72,64.76,63.33,64.47,264463
"03-Feb-16",63.41,64.9,63.4,64.81,395744
"04-Feb-16",65.07,65.13,64.34,64.55,274347
"05-Feb-16",64.3,64.55,63.84,64.04,531596
"08-Feb-16",63.93,65.41,63.8,65.35,269403
"09-Feb-16",65.14,66.1,64.86,65.92,369588
"10-Feb-16",66.17,66.43,65.43,65.7,334766
"11-Feb-16",65.35,65.95,64.6101,65.03,530268
"12-Feb-16",65.12,65.32,64.16,64.61,185082
"16-Feb-16",65.07,65.37,64.2,65.04,158301
"17-Feb-16",64.9,64.99,64.3,64.56,176843
"18-Feb-16",64.36,65.63,64.34,65.54,254836
"19-Feb-16",65.5,65.82,64.97,65.14,177225
"22-Feb-16",65.15,65.63,65.11,65.37,176545
"23-Feb-16",64.99,65.685,64.99,65.18,111411
"24-Feb-16",65.23,65.93,65.12,65.73,161282
"25-Feb-16",65.83,66.28,65.6,65.97,214849
"26-Feb-16",65.88,65.88,64.29,64.92,216054
"29-Feb-16",64.72,66.05,64.48,65.52,353222
"01-Mar-16",66.03,66.2199,65.3,65.42,166983
"02-Mar-16",65.13,65.91,64.39,65.63,179933
"03-Mar-16",65.49,65.58,64.55,65.05,311974
"04-Mar-16",64.88,66.18,64.4,66.08,620299
"07-Mar-16",65.92,66.36,65.69,66.11,288109
"08-Mar-16",66.28,66.57,65.95,66.5,341165
"09-Mar-16",66.02,66.59,65.55,66.39,190502,,,,,
"10-Mar-16",66.39,66.8,65.51,66.12,199299
"11-Mar-16",66.37,66.67,65.93,66.42,171501
"14-Mar-16",66.34,66.34,65.37,65.68,179048
"15-Mar-16",65.56,66.29,65.38,65.74,157964
"16-Mar-16",65.37,66.54,65.08,66.33,136650
"17-Mar-16",66.24,67.33,65.99,66.95,215433
"18-Mar-16",67.32,67.32,65.81,65.95,689836
"21-Mar-16",65.87,66.36,65.27,65.76,190645
"22-Mar-16",65.67,66.42,65.375,65.92,113815
"23-Mar-16",65.88,66.26,65.48,66.1,308553
"24-Mar-16",66.12,66.79,65.45,66.69,145006
"28-Mar-16",66.54,67.25,66.3301,66.77,111804
"29-Mar-16",66.89,68.57,66.77,68.5,255123
"30-Mar-16",68.79,68.79,67.7,67.72,203569
"31-Mar-16",67.55,68.08,67.29,67.75,147705
"01-Apr-16",67.46,68.4,67.33,68.1,203501
"04-Apr-16",68.23,68.394,67.3,67.44,195212,,,,,
"05-Apr-16",67.43,67.43,66.19,66.23,163866
"06-Apr-16",66.15,66.4792,65.64,66.25,146180
"07-Apr-16",66.25,66.59,65.79,66.55,192328
"08-Apr-16",66.55,66.95,66.41,66.5,117469
"11-Apr-16",66.51,66.67,65.9301,66.11,114609
"12-Apr-16",66.22,66.92,66.1,66.74,167363
"13-Apr-16",66.96,66.96,66.03,66.74,139507
"14-Apr-16",66.62,67.13,66.33,66.76,204180
"15-Apr-16",66.8,67.37,66.21,67.14,137144
"18-Apr-16",67,67.37,66.73,67.3,88791
"19-Apr-16",67.19,67.66,67.01,67.34,133789
"20-Apr-16",67.07,67.29,65.83,66.02,208960
"21-Apr-16",66,66.1,64.05,64.18,224643
"22-Apr-16",64.16,64.9,64.16,64.54,143177
"25-Apr-16",64.49,64.9,64.19,64.86,116000
"26-Apr-16",64.85,65.63,64.18,64.39,270112
"27-Apr-16",64.39,64.39,62.65,63.89,512011
"28-Apr-16",63.61,64.1,63.205,63.66,172271,,,,,
"29-Apr-16",63.09,64.19,62.7701,63.96,156307
"02-May-16",63.56,64.73,62.745,64.61,229472
"03-May-16",64.44,65.5,64.13,64.32,190265
"04-May-16",65.01,66.035,63.94,65.72,391077
"05-May-16",65.28,66.2,64.92,65.21,242410
"06-May-16",65.23,65.71,64.31,64.7,272285
"09-May-16",64.92,65.79,64.89,65.2,284314
"10-May-16",65.75,65.89,65.2,65.55,153367
"11-May-16",65.4,65.92,64.48,64.7,136398
"12-May-16",63.24,64.74,63.08,64.57,1070199
"13-May-16",64.95,65.51,64.49,64.9,316762
"16-May-16",65.05,65.09,64.55,65.01,233370
"17-May-16",65.01,65.01,62.35,62.62,383253
"18-May-16",62.31,63.16,61.48,61.81,313394
"19-May-16",61.39,62.16,61,62.04,177442
"20-May-16",62.11,62.37,61.45,62.36,210635
"23-May-16",62.23,62.76,62.06,62.11,226884
"24-May-16",62.33,63.16,62.04,63.15,288183
"25-May-16",63.1,63.57,62.44,62.97,282462
"26-May-16",62.98,63.73,62.8328,63.6,161919
"27-May-16",63.57,64.08,63.29,64.02,566804
"31-May-16",64.05,64.07,63.32,63.58,479206
"01-Jun-16",63.83,64.28,63.15,64.28,221677
"02-Jun-16",64.11,64.43,63.72,64.43,148652
"03-Jun-16",64.93,65.32,64.64,65.08,187788
"06-Jun-16",65.29,65.48,64.83,65.24,179007
"07-Jun-16",65.5,65.58,64.935,65.42,153778
"08-Jun-16",65.06,65.71,64.89,65.71,191049,,,,,
"09-Jun-16",65.9,66.61,65.72,66.61,175796
"10-Jun-16",66.42,66.74,66.15,66.49,156150
"13-Jun-16",66.24,67.21,65.58,66.53,140314
"14-Jun-16",66.26,67.45,65.6,67.42,211100
"15-Jun-16",67.63,67.7497,66.79,67.22,236224
"16-Jun-16",67.25,68.045,66.57,67.95,235945
"17-Jun-16",68.22,68.22,67.17,67.73,544393
"20-Jun-16",67.67,67.82,66.85,67.49,147302
"21-Jun-16",67.61,68.36,67.21,68.05,126758
"22-Jun-16",68.09,68.09,67.36,67.52,330568
"23-Jun-16",67.7,67.95,66.78,67.95,118166
"24-Jun-16",66.93,68.68,66.27,68.42,285816
"27-Jun-16",68.11,69.64,67.875,69.54,327822
"28-Jun-16",69.4,69.76,69.03,69.46,250321
"29-Jun-16",70,70.66,69.36,69.43,137767
"30-Jun-16",69.29,70.87,69.19,70.84,559347
"01-Jul-16",71.1,71.205,69.92,70.07,433439
"05-Jul-16",70.4,71.1399,69.97,70.62,280195,,,,,
"06-Jul-16",70.54,70.78,69.75,70.23,205654
"07-Jul-16",70.02,70.02,68.51,68.84,238862
"08-Jul-16",68.73,69.51,67.97,69.42,291772
"11-Jul-16",68.91,69.22,68.21,69.13,232119
"12-Jul-16",68.94,69.13,68.36,68.64,270625
"13-Jul-16",68.76,69.52,68.59,68.68,290960
"14-Jul-16",68.31,68.51,67.68,67.7,250247
"15-Jul-16",68.05,68.56,67.73,67.95,191105
"18-Jul-16",67.88,68.13,67.67,68.05,182923
"19-Jul-16",68.29,68.44,67.99,68.3,140941
"20-Jul-16",68.33,68.65,67.94,68.52,291564
"21-Jul-16",68.8,69.02,68.288,68.79,186798
"22-Jul-16",68.71,69.84,68.28,69.62,171108
"25-Jul-16",69.5,69.6,69.085,69.56,113832
"26-Jul-16",69.36,69.795,69.11,69.35,124507
"27-Jul-16",69.43,69.6,68.78,69.25,217603
"28-Jul-16",69.25,69.43,68.92,69.2,111829,,,,,
"29-Jul-16",69.215,69.75,68.98,69.4,172174
"01-Aug-16",69.38,69.85,68.75,69.37,184271
"02-Aug-16",69.14,69.54,68.45,68.86,110944
"03-Aug-16",68.85,69.26,68.11,68.78,127195
"04-Aug-16",68.77,69.09,68.17,68.41,177171
"05-Aug-16",68.37,68.47,67.94,68.23,209895
"08-Aug-16",68.07,68.535,67.75,67.88,186639
"09-Aug-16",67.99,68.29,67.66,67.91,165287
"10-Aug-16",67.8,68.03,67.28,67.57,189415
"11-Aug-16",67.5,67.98,67.39,67.85,133455
"12-Aug-16",68.04,68.42,67.52,67.55,135428
"15-Aug-16",67.33,68.11,66.94,66.97,220969
"16-Aug-16",66.83,66.9,65.75,65.8,258018
"17-Aug-16",65.51,66.45,65.371,66.41,136745
"18-Aug-16",66.24,67.15,66.24,67.15,203301
"19-Aug-16",66.91,67.12,65.855,66.4,173809
"22-Aug-16",66.58,67.13,66.02,66.82,119042
"23-Aug-16",66.88,67.26,66.53,66.63,117515
"24-Aug-16",66.65,66.65,65.85,66.39,109354
"25-Aug-16",66.27,66.8,66.26,66.72,163388
"26-Aug-16",66.72,67.18,65.24,65.36,138237
"29-Aug-16",65.53,66.43,65.52,65.7,117461
"30-Aug-16",65.64,66.26,64.96,65.03,257648
"31-Aug-16",64.96,65.27,64.4,64.7,338488
"01-Sep-16",64.64,65.05,64,64,335081
"02-Sep-16",64.1,64.96,64.1,64.84,384204
"06-Sep-16",64.84,65.66,64.04,65.53,296173
"07-Sep-16",65.49,66.52,65.05,66.23,504334
"08-Sep-16",65.53,66.39,65.53,66.25,216994,,,,,
"09-Sep-16",65.6,65.75,63.34,63.39,200369
"12-Sep-16",63.17,63.89,62.75,63.61,224785
"13-Sep-16",63.25,63.7,62.47,62.51,248950
"14-Sep-16",62.58,62.85,61.96,62.33,154634
"15-Sep-16",62.37,62.81,62.34,62.6,119557
"16-Sep-16",62.73,63.92,62.22,63.79,772610
"19-Sep-16",63.85,64.52,63.5501,64.52,183052
"20-Sep-16",64.87,65.14,64.35,64.35,155048
"21-Sep-16",64.69,65.2,63.94,65.06,291714
"22-Sep-16",65.44,65.8,64.88,65.76,293836
"23-Sep-16",65.72,65.77,65.06,65.66,516680
"26-Sep-16",65.63,66.38,65.515,66.23,252519
"27-Sep-16",66.47,66.47,65.7,65.9,389734
"28-Sep-16",65.54,66,64.77,64.94,271524
"29-Sep-16",64.96,64.96,63.55,63.57,271487
"30-Sep-16",63.86,63.979,62.82,63.74,601717
"03-Oct-16",63.64,63.72,62.66,63.2,273502
"04-Oct-16",63.18,63.18,61.13,61.51,232806,,,,,
"05-Oct-16",61.86,61.86,60.52,60.61,250108
"06-Oct-16",60.24,60.68,60.01,60.21,282561
"07-Oct-16",60.5,60.8995,60.03,60.28,192793
"10-Oct-16",60.08,61.21,60.08,61.07,204803
"11-Oct-16",60.83,60.83,59.91,59.97,190627
"12-Oct-16",60.08,60.99,59.54,60.84,162870
"13-Oct-16",60.94,62.4,60.84,61.9,239187
"14-Oct-16",61.56,61.98,61.2,61.33,164881
"17-Oct-16",61.1,61.65,61,61.3,182437
"18-Oct-16",61.75,61.95,61.2,61.7,276125
"19-Oct-16",61.55,61.6,61.15,61.2,235875
"20-Oct-16",61.3,61.5,60.95,61,222899
"21-Oct-16",60.65,60.9,60.55,60.65,131740
"24-Oct-16",60.9,61.275,60.6,60.85,286513
"25-Oct-16",60.85,61.05,60.675,60.9,245589
"26-Oct-16",60.9,61.1499,60.45,60.9,206839
"27-Oct-16",60.75,61.049,60.35,60.6,217943
"28-Oct-16",60.75,61.25,60.7,60.85,220667
"31-Oct-16",60.75,62.85,60.75,62.8,255390
"01-Nov-16",62.75,62.85,61.65,61.7,421272
"02-Nov-16",61.7,62,60.65,60.85,210682
"03-Nov-16",60.75,61.2,60.25,60.75,150406
"04-Nov-16",61.2,62.35,60.9,60.95,217295
"07-Nov-16",62.25,63.6,61.15,63.2,573981
"08-Nov-16",63.1,64.1,63.1,63.6,210307
"09-Nov-16",62.85,62.85,61.5,62.2,360280
"10-Nov-16",62.1,62.5,59.7,61.35,298811,,,,,
"11-Nov-16",61.5,62.4,61.4,62.3,377351
"14-Nov-16",62.1,63.4,61.775,62.8,467457
"15-Nov-16",62.5,64.9076,62.5,64.4,321245
"16-Nov-16",64.4,64.9,63.1,63.65,254486
"17-Nov-16",63.7,64.5,63.5,63.6,235728
"18-Nov-16",63.65,64.5,63.5,64.35,217929
"21-Nov-16",64.4,65.6,64.35,65.6,150661
"22-Nov-16",65.7,66.3,65,65.2,372101
"23-Nov-16",64.4,65.025,64,64.1,233164
"25-Nov-16",64.3,65.8,64.3,65.8,103496
"28-Nov-16",65.8,66.35,65.55,65.95,238085
"29-Nov-16",65.95,66.65,65.4,66.25,365938
"30-Nov-16",65.4,66.15,64.45,64.54,206182
"01-Dec-16",64.1,64.875,62.65,63,296245
"02-Dec-16",63.25,64.15,62.95,63.55,246671
"05-Dec-16",63.45,63.9,62.45,63.9,257453
"06-Dec-16",64,64.25,63.15,63.9,194151
"07-Dec-16",63.85,65.05,63.85,65,206753
"08-Dec-16",64.15,64.7,63.45,64,417409,,,,,
"09-Dec-16",64.05,64.3,63.45,63.85,371512
"12-Dec-16",63.8,64.5,63.65,63.85,628313
"13-Dec-16",64,64.4,63.595,63.85,471189
"14-Dec-16",64.2,64.7,62.8,62.95,352782
"15-Dec-16",62.85,63.6,62.45,63.25,361322
"16-Dec-16",63.1,64.3,63.1,64.2,1118917
"19-Dec-16",64.5,64.95,63.95,64.65,366568
"20-Dec-16",64.35,64.95,63.45,64.3,372692
"21-Dec-16",64.3,64.9,64.05,64.2,191040
"22-Dec-16",64.35,64.775,63.95,64.45,188150
"23-Dec-16",64.55,64.85,64.2,64.65,181749
"27-Dec-16",64.4,65.15,64.4,64.8,126731
"28-Dec-16",64.9,64.9,63.9,64.05,148739
"29-Dec-16",64.4,65.2,64.3272,65.05,120410
"30-Dec-16",65,65,64.35,64.55,161355
"02-Jan-17",,,,,,3.234961
"03-Jan-17",64.55,64.95,63.95,64.35,178431,3.23553
"04-Jan-17",64.75,66.1,64.492,65.6,270413,3.177962,,,,
"05-Jan-17",65.55,65.6,64.7501,65.3,156936,3.297165
"06-Jan-17",65.1,65.675,64.9,65,142653,3.275217
"09-Jan-17",65.45,65.45,64,64.25,276571,3.301922
"10-Jan-17",64.15,64.35,63.45,63.85,219780,3.398588
"11-Jan-17",63.75,64.75,63.75,64.65,129608,3.441413
"12-Jan-17",64.85,65.15,63.75,64.6,152708
"13-Jan-17",64.6,65.25,64.6,65.2,142986
"17-Jan-17",65.4,65.75,65.2,65.3,147950
"18-Jan-17",65.3,65.8,64.75,65.2,156442
"19-Jan-17",65.1,65.15,64.1,64.3,258604
"20-Jan-17",64.15,65,64.15,64.65,165149
"23-Jan-17",64.75,65.4,64.45,64.7,174817
"24-Jan-17",64.65,65,64.35,64.6,211603
"25-Jan-17",64.35,65.1,64.1,64.65,181542
"26-Jan-17",64.7,65.4,64.4,65.15,178107,,,,,
"27-Jan-17",65,65.1,64.4,64.65,153518
"30-Jan-17",64.25,64.5,63.35,63.7,168215
"31-Jan-17",63.55,65.05,63.45,65,211496
"01-Feb-17",63.95,64.9,62.9,63.45,305862
"02-Feb-17",63.3,63.85,63.25,63.29,338481
"03-Feb-17",63.85,64.2,63.3055,63.8,148310
"06-Feb-17",63.55,64,62.65,62.7,231461
"07-Feb-17",62.75,62.99,62.325,62.6,296832
"08-Feb-17",62.8,63.45,62.4,63.4,252262
"09-Feb-17",63.15,63.55,62.9,63.2,200160
"10-Feb-17",63.25,63.8,62.85,63.7,147841
"13-Feb-17",63.9,64.05,63.35,64.05,126243
"14-Feb-17",64,64,63.3,63.65,174182
"15-Feb-17",63.15,63.95,62.85,63.8,169482
"16-Feb-17",63.75,64.55,63.55,64.5,194314
"17-Feb-17",64.8,64.8,63.15,63.85,191212
"21-Feb-17",63.55,64.65,63.45,64.55,165050
"22-Feb-17",64.7,64.89,63.6146,64.7,125963
"23-Feb-17",65,65.45,64.525,65.45,206172
"24-Feb-17",65.5,66.15,65.2,65.8,159681
"27-Feb-17",65.5,66.2,65.4,66.1,240241
"28-Feb-17",65.85,66.6,65.45,65.9,294111
"01-Mar-17",65.25,66.05,64.098,65.95,225485
"02-Mar-17",65.6,66.6,65.4,66.15,215340
"03-Mar-17",66.2,66.25,65.65,66,235213
"06-Mar-17",65.55,66.1,65.25,65.85,181092
"07-Mar-17",65.75,66.3,65.35,65.95,195592
"08-Mar-17",64.85,65.1,64.1,64.15,175125,,,,,
"09-Mar-17",64.15,64.9,63.85,63.9,308261
"10-Mar-17",64.1,65,63.9,64.85,268011
"13-Mar-17",64.85,65,64.3,64.6,182907
"14-Mar-17",64.55,65,64.15,64.8,141829
"15-Mar-17",65,66.6,64.85,66.1,277206
"16-Mar-17",66.1,66.3,65.55,66.2,194297
"17-Mar-17",66.3,68.1,66,67.25,751707
"20-Mar-17",67.2,67.4,65.75,65.8,326161
"21-Mar-17",65.85,67.3,65.75,66.65,197193
"22-Mar-17",66.75,67,66.15,66.95,238392
"23-Mar-17",66.75,68.3,66.7,67.35,300747
"24-Mar-17",67.3,67.55,67.05,67.1,208829
"27-Mar-17",67.1,67.225,66.325,66.65,201748
"28-Mar-17",66.35,67.35,66.3,67.25,171713
"29-Mar-17",67.35,67.6,66.55,67.25,279009
"30-Mar-17",67.4,67.45,66.8314,67.25,200440
"31-Mar-17",67.3,67.85,67.25,67.5,220878
"03-Apr-17",67.5,67.55,66.75,67.4,242538
"04-Apr-17",67.4,68.35,67.35,67.8,252246,,,,,
"05-Apr-17",68,68.35,67.5,68.2,206302
"06-Apr-17",68.05,68.5,68.05,68.15,206770
"07-Apr-17",68.1,68.75,67.6,68.5,349077
"10-Apr-17",68.7,68.95,68.25,68.8,275030
"11-Apr-17",68.65,68.95,68.3,68.75,254363
"12-Apr-17",68.65,69.45,68.55,69.2,170070
"13-Apr-17",69.1,69.2,67.95,68.85,148008
"17-Apr-17",69.15,69.8,69.15,69.8,185009
"18-Apr-17",69.65,69.85,69.25,69.5,146502
"19-Apr-17",69.55,69.85,68.95,69.15,200553
"20-Apr-17",69.15,69.35,68.65,69.2,210235
"21-Apr-17",69.05,69.4,68.8,69.15,236920
"24-Apr-17",68.7,68.9,67.575,68.35,566149
"25-Apr-17",68.45,69.45,68.45,69.05,318270
"26-Apr-17",69.05,69.95,68.85,69.5,237929,,,,,
"27-Apr-17",69.15,69.95,68.9001,69.25,179017
"28-Apr-17",69.3,69.35,68.35,68.55,238703
"01-May-17",68.55,68.65,67.85,68.25,239350
"02-May-17",68.2,68.8,67.7,68.05,208180
"03-May-17",64.7,68.55,63.842,68.3,297710
"04-May-17",68.25,68.6,67.9,68.51,173678
"05-May-17",68.75,69.55,68.55,69.4,205471
"08-May-17",69.5,70.25,69.4,69.8,286752
"09-May-17",69.65,69.8,68.5,68.7,194522
"10-May-17",68.7,69.45,68.65,69.3,179482
"11-May-17",69.15,69.75,68.75,69.65,176811
"12-May-17",69.6,69.9,69.15,69.9,532172
"15-May-17",70.2,70.35,69.925,70,146745
"16-May-17",69.85,70.05,68.8,68.9,195593
"17-May-17",68.95,69.25,68.5,69,152254
"18-May-17",69,69.25,68.4,69.2,190663
"19-May-17",69.05,69.9,68.6,69.4,172616
"22-May-17",69.5,70.25,68.95,70.15,128739
"23-May-17",70.4,70.725,70.05,70.05,181914
"24-May-17",70.15,70.55,69.9,70.35,151041
"25-May-17",70.5,70.9,70.25,70.9,124383
"26-May-17",70.85,70.95,70.1,70.4,193432
"30-May-17",70.55,70.75,70.25,70.6,96146
"31-May-17",70.75,71.05,70.25,70.85,143726
"01-Jun-17",70.8,71.4,70.5,71.4,149335
"02-Jun-17",71.65,72.7,71.35,72.15,192216
"05-Jun-17",72.1,72.15,71.15,71.15,170017
"06-Jun-17",70.95,71.45,70.85,71,179629
"07-Jun-17",71.1,71.5,70.925,71.3,199962
"08-Jun-17",70.5,70.65,69.95,70.65,244630,,,,,
"09-Jun-17",70.55,71.85,70.175,71.8,219078
"12-Jun-17",71.75,72.34,71.25,71.9,261021
"13-Jun-17",72.05,72.2,71.6129,71.85,193142
"14-Jun-17",71.75,72.825,71.75,72.6,240431
"15-Jun-17",72.55,72.8,71.95,72.45,118561
"16-Jun-17",71.85,72.5043,71.2,72.25,393590
"19-Jun-17",72.5,72.5,71.649,71.65,161210
"20-Jun-17",71.55,71.85,71.2,71.3,104444
"21-Jun-17",71.25,71.6,70.45,70.6,124923
"22-Jun-17",70.7,71,70.15,70.45,158778
"23-Jun-17",70.45,71,70.3,70.85,390915
"26-Jun-17",70.85,70.9,70.4,70.5,74849
"27-Jun-17",70.35,70.8,69.7,69.9,98965
"28-Jun-17",70.25,70.675,69.8,69.9,149101
"29-Jun-17",69.95,69.95,68.8451,69.3,142675
"30-Jun-17",69.35,69.9,69.2,69.75,190448
"03-Jul-17",69.95,70.45,69.35,69.6,58629,2.713475
"04-Jul-17",,,,,,3.065861
"05-Jul-17",69.8,70,69.05,69.9,178200,3.427407,,,,
"06-Jul-17",69.7,69.7,69.15,69.55,156266,3.705114
"07-Jul-17",69.45,70.4,69.3,69.95,190071,3.759537
"10-Jul-17",69.95,70,68.8,68.9,198191,3.889703
"11-Jul-17",69,69.3,68.3,68.9,251580,4.209711
"12-Jul-17",69.45,69.95,69.35,69.8,225546,4.176648
"13-Jul-17",69.7,69.7,68.8,69.1,122535,4.358501
"14-Jul-17",69.3,69.65,69.05,69.45,125131,4.461928
"17-Jul-17",69.5,69.6,69,69.6,131868,4.940725
"18-Jul-17",69.4,69.85,69.35,69.75,82677,4.3892
"19-Jul-17",70.1,70.5,69.7,70.45,105597,4.437186
"20-Jul-17",70.5,71.65,70.5,71.45,73325,4.389357
"21-Jul-17",72.2,72.7,71.6501,72,172873,4.339115
"24-Jul-17",72.05,72.6,71.15,71.75,138946,4.295203
"25-Jul-17",71.75,72.2661,71.5,72.15,175470,4.452555
"26-Jul-17",72.05,72.95,71.95,72.55,139018,4.54842
"27-Jul-17",72.45,72.9,72.35,72.9,117602,4.453893,,,,
"28-Jul-17",72.75,72.8,71.9,72.5,120564,4.538318
"31-Jul-17",72.55,72.75,71.8,72.6,115496,4.441474
"01-Aug-17",72.8,73.7,72.55,73.4,135834,4.398798
"02-Aug-17",73.3,74.85,73.15,74.65,137760,4.413257
"03-Aug-17",74.95,75.4,74.6501,74.9,160944,4.482663
"04-Aug-17",74.85,75.4,74.659,75.1,123378,4.67655
"07-Aug-17",75.35,75.4,74.95,75.3,131097,4.69235
"08-Aug-17",75.35,75.925,75.3,75.8,121482,4.573835
"09-Aug-17",75.85,75.85,74.95,75.35,160814
"10-Aug-17",75.45,76.2,74.85,76.05,145895
"11-Aug-17",75.85,75.85,74.4,75.05,169155
"14-Aug-17",75.2,75.8,74.7129,75.8,104877
"15-Aug-17",75.35,76.05,75.3,75.7,159473
"16-Aug-17",75.85,76.55,75.35,76.35,120821
"17-Aug-17",76.3,76.8,75.65,75.75,151115
"18-Aug-17",75.25,76.1,75,75.85,126311
"21-Aug-17",75.8,76.75,75.7,76.5,111776
"22-Aug-17",76.35,77.05,76.275,76.8,140285
"23-Aug-17",76.95,77.2,76.075,76.45,169751
"24-Aug-17",76.6,77.2,76.4,77.05,107621
"25-Aug-17",77.1,77.75,77.05,77.4,78947
"28-Aug-17",77.35,78,76.95,77.35,152885
"29-Aug-17",77.35,77.9,76.55,76.9,336089
"30-Aug-17",76.9,76.9,76.25,76.25,138551
"31-Aug-17",76.7,76.9,76.35,76.5,176350
"01-Sep-17",76.7,77.1,76.35,77.1,132343
"05-Sep-17",77.15,77.6,76.45,76.95,176367
"06-Sep-17",77.2,77.35,76.55,76.7,142771
"07-Sep-17",76.65,77,76.25,76.95,141810
"08-Sep-17",76.4,77.15,75.95,76.95,128972,,,,,
"11-Sep-17",77.1,77.625,76.95,77.15,164939
"12-Sep-17",77.4,77.4,75.25,75.8,128589
"13-Sep-17",75.55,75.7,74.75,74.85,245807
"14-Sep-17",74.9,75.8,74.7,75.5,318942
"15-Sep-17",75.65,75.95,75.225,75.8,464172
"18-Sep-17",76,76.1,75.05,75.4,195566
"19-Sep-17",75.5,75.65,75.05,75.35,163161
"20-Sep-17",75.2,75.5,74.45,74.75,171570
"21-Sep-17",74.7,75.15,74.4,74.65,175411
"22-Sep-17",75.05,75.05,73.75,74.1,111778
"25-Sep-17",73.9,75.6,73.9,75.05,157090
"26-Sep-17",74.95,76.05,74.575,75.45,158829
"27-Sep-17",75.45,75.6,74.7,75.1,208090
"28-Sep-17",75,75.45,74.75,75.3,123248
"29-Sep-17",75.35,75.35,74.4,74.65,185026
"02-Oct-17",74.75,75.55,74.301,75.15,236898,6.934692,0.5939
"03-Oct-17",75.35,75.35,74.3,74.65,219139,6.937003,0.6115,,,
"04-Oct-17",74.75,75.8,74.55,75.5,158590,7.278624,0.6018
"05-Oct-17",75.25,75.95,75.25,75.6,210418,7.249743,0.608
"06-Oct-17",75.4,75.75,74.95,75.2,155746,7.484874,0.6089
"09-Oct-17",75.05,75.8,75.05,75.4,158421,7.503516,0.6089
"10-Oct-17",75.55,76.15,75.25,75.9,138856,7.203045,0.6105
"11-Oct-17",75.85,76.65,75.6508,75.8,122917,7.130794,0.6052
"12-Oct-17",76.05,77.15,75.525,76.5,223182,7.181036,0.6041
"13-Oct-17",76.7,77,75.8,75.9,149783,8.448653,0.6137
"16-Oct-17",75.65,75.95,75.25,75.75,223190,7.292119,0.6018
"17-Oct-17",75.85,76.65,75.8,76.45,96812,7.191707,0.6005
"18-Oct-17",76.5,77.2,76.1,77.05,107782,7.308903,0.6038
"19-Oct-17",77.05,77.5,76.75,77.2,137311,7.216569,0.6029
"20-Oct-17",77.45,77.75,77.15,77.35,105591,7.315229,0.6035
"23-Oct-17",77.65,77.95,77.2,77.6,85552,7.423986,0.6035
"24-Oct-17",77.75,78,77.2,77.35,202554,7.533531,0.6069
"25-Oct-17",77.2,77.7,76.1,77.5,177439,7.577072,0.6093
"26-Oct-17",77.8,78.45,77.5,78.1,106577,8.033759,0.5727
"27-Oct-17",78.2,78.9,77.65,78.85,126457,8.041661,0.5711
"30-Oct-17",78.6,78.75,77.85,78.05,104962,8.275605,0.5768
"31-Oct-17",78.4,79.35,78.15,78.95,184974,8.03148,0.5728
"01-Nov-17",79.25,79.25,78.2,78.7,107687,8.05349,0.5626
"02-Nov-17",78.65,79.6,78.3,78.65,104123,8.151044,0.6067
"03-Nov-17",78.75,79.3,78.5,78.65,82046,8.303431,0.5715
"06-Nov-17",78.85,79,78.15,78.3,107876,8.283718,0.5686
"07-Nov-17",78.5,79,78.05,78.5,139253,8.34501,0.5683
"08-Nov-17",78.4,78.65,77.4,78.55,116136,8.460998,0.5676
"09-Nov-17",78.45,79.1,78,78.3,77353,8.359004,0.5656
"10-Nov-17",78.25,78.35,77.65,77.85,112063,8.272437,0.5593
"13-Nov-17",77.75,78.2,77.25,77.4,214721,8.347648,0.561
"14-Nov-17",76.9,78.6,76.8,78.6,379340,8.209005,0.5662
"15-Nov-17",78.8,79.65,78.05,78.2,199858,8.846028,0.5658,,,
"16-Nov-17",78.4,78.8,77.175,78.75,194813,9.169279,0.5735
"17-Nov-17",78.4,78.875,78,78.55,165300,9.234761,0.5696
"20-Nov-17",78.55,78.9,77.65,78.2,109645,9.585128,0.5692
"21-Nov-17",78.3,79.2,78.05,78.9,187451,9.631777,0.5665
"22-Nov-17",79,79.15,77.7,78.15,158471,9.68025,0.5716
"23-Nov-17",,,,,,9.705243,0.5728
"24-Nov-17",78.3,78.4,77.7,78.3,73739,11.377621,0.5862
"27-Nov-17",78.3,79.0499,78,78.75,126822,12.254363,0.5904
"28-Nov-17",78.95,80.4,78.8,80.05,223167,10.995004,0.5897
"29-Nov-17",80,81.2,79.825,81,224968,10.902143,0.5894
"30-Nov-17",81.25,82.375,81,82.25,281652,10.64892,0.5865
"01-Dec-17",82.35,82.4,80.75,81.75,210968,10.78005,0.5809
"04-Dec-17",82.2,82.85,81.5,81.75,176805,10.812508,0.6214
"05-Dec-17",81.7,81.7,80.2,80.35,142845,10.878225,0.6186
"06-Dec-17",80.3,80.95,80.1,80.35,110153,11.077099,0.6195
"07-Dec-17",80.1,80.9,79.601,80.55,199103,11.159511,0.6233
"08-Dec-17",80.05,80.4,79.4501,80.2,155867,11.977916,0.6199,,,
"11-Dec-17",80.25,80.4,78.75,79.5,185743,11.808324,0.6191
"12-Dec-17",79.55,79.55,77.1,77.15,146842,12.066648,0.6204
"13-Dec-17",77.2,78.1,77.025,77.55,133169,11.742944,0.6171
"14-Dec-17",77.35,77.4,76.35,76.55,137868,11.710198,0.6159
"15-Dec-17",76.5,77.7,76.5,77.05,549930,11.410044,0.622
"18-Dec-17",77.4,77.825,76.2,76.55,150757,11.659641,0.6251
"19-Dec-17",76.65,76.65,74.3,75.05,196727,11.156667,0.6198
"20-Dec-17",75.05,75.8,74.85,74.9,202615,11.114588,0.6207
"21-Dec-17",74.6,75.049,73.65,73.7,158271,11.216124,0.6236
"22-Dec-17",73.85,74.3,73.6909,73.95,103801,11.267518,0.6237
"25-Dec-17",,,,,,11.318927,0.6222
"26-Dec-17",74.05,74.65,73.75,73.75,63308,11.334041,0.6227
"27-Dec-17",73.8,75.05,73.8,74.5,138226,11.294111,0.6226
"28-Dec-17",74.6,75.55,74.25,75.35,133572,11.390915,0.6247
"29-Dec-17",75.35,75.75,75.1,75.15,115389,11.130075,0.6256
"01-Jan-18",,,,,,11.199285,0.6269
"02-Jan-18",75.25,75.25,73.95,74.1,191239,11.319342,0.6187
"03-Jan-18",74.1,74.45,72.55,72.55,167931,11.610858,0.6292,,,
"04-Jan-18",72.55,72.85,71.7,72,257652,11.545015,0.6285
"05-Jan-18",71.95,72.2,71.2,71.7,229818,11.485064,0.6264
"08-Jan-18",71.6,71.65,70.95,71.65,340928,11.281306,0.6219
"09-Jan-18",71.75,71.75,70.8,71,223119,11.103334,0.622
"10-Jan-18",70.4,70.4,69,69.2,280287,10.850596,0.6248
"11-Jan-18",68.85,69.4,68.825,69.3,295709,10.569249,0.6323
"12-Jan-18",69.3,69.3,68.6,68.9,184506,10.080871,0.6455
"15-Jan-18",,,,,,10.077138,0.6451
"16-Jan-18",68.9,69.375,68.3,68.4,227860,9.903916,0.6454
"17-Jan-18",68.4,69,68.1,69,251703,9.913046,0.636
"18-Jan-18",68.95,69.05,68,68.15,166970,9.707099,0.6395
"19-Jan-18",68.05,68.5,67.8,68.4,205710,9.501593,0.6376
"22-Jan-18",68.7,68.9,68.2,68.7,226654,9.502536,0.6368
"23-Jan-18",68.55,69.35,68.5,68.7,187513,9.423056,0.6385
"24-Jan-18",68.9,69.05,68.3,68.55,250568,9.080454,0.6365
"25-Jan-18",68.35,69.9,68.05,69.9,316356,9.136046,0.6356
"26-Jan-18",69.85,70,69.1,69.25,238018,8.827376,0.6368
"29-Jan-18",68.85,69.6,68.501,69,331169,9.128167,0.6419
"30-Jan-18",69,69.4,68.6,68.8,269372,8.949828,0.6425
"31-Jan-18",68.85,69.4,65.9,66.5,648864,8.630996,0.6435
"01-Feb-18",66.15,66.15,62.75,63.2,783223,8.42233,0.6342,,,
"02-Feb-18",62.5,65.3,62.375,64.65,531484,9.307335,0.6357
"05-Feb-18",64.75,64.8,61.8,61.9,405717,9.948992,0.6314
"06-Feb-18",61.55,61.95,60.085,61.3,481403,9.922683,0.6346
"07-Feb-18",61.45,63,60.95,62.85,534012,9.78522,0.636
"08-Feb-18",62.75,64.55,62,63.6,614979,9.425749,0.631
"09-Feb-18",63.8,66.3,63.8,65.7,369993,9.460684,0.6206
"12-Feb-18",65.85,66.05,64.55,65.8,326400
"13-Feb-18",65.55,65.85,64.3622,65.05,214060,8.931156,0.6256
"14-Feb-18",64.65,65.05,64.1,64.2,187715,8.844936,0.6312
"15-Feb-18",64.5,65.8,63.91,65.65,335587,8.773288,0.6315
"16-Feb-18",65.5,66.55,65.5,66.2,287212,8.709526,0.6328
"19-Feb-18",,,,,,8.635317,0.6328
"20-Feb-18",66,66.2,64.8,65.9,398316,8.557354,0.6189
"21-Feb-18",66,66.8,65.4,65.5,231788,8.35948,0.6185
"22-Feb-18",65.85,67.2,64.7,66.25,425833,8.370375,0.6104
"23-Feb-18",66.45,68.35,66.45,68.25,193391,8.472387,0.6005
"26-Feb-18",69.3,69.6,68.65,69.4,259593,8.450297,0.5966
"27-Feb-18",69.6,70.05,68.35,68.65,938921,8.222653,0.5948
"28-Feb-18",68.6,69.35,67.75,67.8,622288,8.242054,0.5905
"01-Mar-18",67.65,68.4,67.4,68.2,617511,7.536695,0.5977
"02-Mar-18",68.15,68.6,67.4,67.7,517156,6.754649,0.6057
"05-Mar-18",67.55,68.65,67.5,68.35,216049,6.363261,0.6118
"06-Mar-18",68.45,68.75,67.25,67.85,390636,5.808719,0.6441
"07-Mar-18",67.6,68,67.15,67.75,426459,5.172012,0.6371
"08-Mar-18",68.05,68.5,67.75,68.15,292962,5.369397,0.6894
"09-Mar-18",67.75,67.95,66.8,67.8,228039,5.961139,0.6897,,,
"12-Mar-18",67.65,68.5,67.4,68.35,258687,6.276678,0.6856
"13-Mar-18",68.55,69.15,67.975,68.25,198320,5.781571,0.6643
"14-Mar-18",68.75,69.1,68.45,68.75,149978,5.736962,0.6633
"15-Mar-18",68.9,69.35,68.65,69.05,167822,5.778436,0.673
"16-Mar-18",68.9,70.45,67.95,70.35,565298,5.601245,0.6762
"19-Mar-18",70.25,70.7,69.25,69.85,163420,5.758488,0.6765
"20-Mar-18",70,70.25,69.2,69.35,200381,5.987151,0.6716
"21-Mar-18",69.35,70.05,68.95,69.4,160398,5.849423,0.6842
"22-Mar-18",69.35,71.3,69.25,69.85,242085,5.94726,0.6889
"23-Mar-18",70,70.55,68.25,68.35,242620,5.787487,0.7259
"26-Mar-18",68.85,69.7,68.5,69.65,221893,5.732892,0.6871
"27-Mar-18",69.7,71,69.3,70.3,307053,5.70072,0.6906
"28-Mar-18",70.5,71.95,70.35,71.7,364391,5.576688,0.7085
"29-Mar-18",72,72.5,71.6,72.3,219301,5.544424,0.7076
"30-Mar-18",,,,,,5.494523,0.7074
"02-Apr-18",72.2,72.6951,71.25,71.85,189832,5.680899,0.7038
"03-Apr-18",71.9,73.15,71.55,72.5,267791,5.691331,0.6844,,,
"04-Apr-18",72.25,73.35,72.1,72.85,210432,5.605954,0.6785
"05-Apr-18",72.95,73.85,72.15,73.7,183481,5.698369,0.673
"06-Apr-18",73.75,74.25,73.25,73.65,165618,5.355701,0.6692
"09-Apr-18",73.65,73.9,72.8,72.85,236707,5.297038,0.6702
"10-Apr-18",73.4,73.4,71.8,72,318814,5.272141,0.6682
"11-Apr-18",71.85,72.45,71.4,71.85,259673,5.228995,0.6705
"12-Apr-18",71.8,72,69.95,70.25,230610,5.047947,0.6738
"13-Apr-18",70.4,70.75,70.1,70.6,261737,5.136228,0.6765
"16-Apr-18",70.7,71.45,70.35,71.35,215808,5.143423,0.6719
"17-Apr-18",71.6,72.1,71,71.75,212666,5.13709,0.6699
"18-Apr-18",71.85,72.3,70.55,70.6,216871
"19-Apr-18",70.65,70.785,70.15,70.45,134394,5.111526,0.6703
"20-Apr-18",70.45,70.8,69.8,69.8,173423,5.377115,0.6667
"23-Apr-18",70.05,70.6,69.9,70.2,219413,5.088948,0.6615
"24-Apr-18",70.55,71.7,70.2,70.9,212521,4.972977,0.6638
"25-Apr-18",70.8,71.4,70.35,70.8,118008,4.901639,0.6659
"26-Apr-18",70.85,71.95,70.7,71.85,111370,4.996645,0.6645
"27-Apr-18",71.75,72.95,71.75,72.85,134562,5.026208,0.6822
"30-Apr-18",72.95,73.1,71.7,72.15,373168,5.119148,0.6632
"01-May-18",72,72.8,71.9,72.55,335313,5.218745,0.6561
"02-May-18",70.6,73.2,70.6,72.15,397985,5.673644,0.6265,,,
"03-May-18",72.15,72.725,70.6,72.45,376552,5.807043,0.6249
"04-May-18",71.45,73.2,70.8,73.1,290675,30.899361,1.7068
"07-May-18",72.9,73.05,71,71.1,248756,6.269522,0.6088
"08-May-18",69.7,70,69.3,69.5,1787615,5.809255,0.6035
"09-May-18",69.65,70,69.175,69.9,398188,5.871191,0.5966
"10-May-18",70.2,71.05,70,70.95,318230,4.997151,0.5887
"11-May-18",71.1,71.35,70.9,71.25,277515,4.597022,0.5962
"14-May-18",71.05,71.5,70.55,71.15,327477,4.232226,0.5897
"15-May-18",70.85,71.075,70.25,70.45,236105,4.103201,0.593
"16-May-18",70.65,70.9,69.5,69.6,280700,3.95039,0.5857
"17-May-18",69.85,70.25,69.15,69.5,425119,3.612869,0.596
"18-May-18",70.05,70.05,69.4,69.65,286685,3.483318,0.5958
"21-May-18",69.9,70.4,69.451,70.15,279440,3.634662,0.6126
"22-May-18",70.15,70.65,69.828,70.05,195012,3.178159,0.6042
"23-May-18",70.4,70.9,70.05,70.35,452940,2.882643,0.6192
"24-May-18",70.35,70.65,70.05,70.35,478493,2.786351,0.6276
"25-May-18",70.35,70.45,70.1,70.2,449165
"28-May-18",,,,,,2.849928,0.6276
"29-May-18",70.2,71.05,69.9,70.85,492533
"30-May-18",70.8,72.4,70.8,71.8,252799,2.040645,0.6879
"31-May-18",71.8,72.3,71.15,71.25,210939,1.944098,0.6969
"01-Jun-18",71.3,71.5,69.95,70.4,290568,1.903396,0.7004
"04-Jun-18",70.6,70.8,69.9998,70.45,333566,1.991087,0.6978
"05-Jun-18",70.65,70.65,69.65,69.95,271166
"06-Jun-18",69.85,70.15,67.7,67.95,304913,1.990144,0.6899
"07-Jun-18",67.95,68.15,67.4,67.85,293208,2.05238,0.6973
"08-Jun-18",67.45,67.8,66.5,66.65,213445,2.665025,0.5906,,,
"11-Jun-18",66.7,67.3,66.2,66.45,371598,2.779094,0.5925
"12-Jun-18",66.35,66.6875,65.9,66.25,390322,2.154158,0.6866
"13-Jun-18",66.05,66.35,64.951,65.3,453081,2.492277,0.6707
"14-Jun-18",65.55,65.8,65.142,65.45,558514,2.31236,0.6791
"15-Jun-18",66,67.25,65.85,67.15,1288340,2.120192,0.6829
"18-Jun-18",67.05,68.35,67.05,68.3,384176,1.883971,0.6722
"19-Jun-18",68.45,69.95,68.35,69.85,562184,1.542134,0.7036
"20-Jun-18",69.8,70.625,69.5,69.95,316007
"21-Jun-18",70.05,71.05,70,70.4,389440,1.37342,0.7056
"22-Jun-18",70.5,71.35,70.4,71.05,697787,1.359343,0.7145
"25-Jun-18",70.9,71.7,70.9,71.5,281501,1.589975,0.7156
"26-Jun-18",71.2,71.55,70.9,71.1,236579
"27-Jun-18",70.9,71.15,70.35,71.05,281615,1.860872,0.6923
"28-Jun-18",71.1,71.65,71,71.3,201153,1.852488,0.6928
"29-Jun-18",71.55,71.55,70.45,70.65,318558
"02-Jul-18",70.75,71.65,70.45,71.65,226707,1.741879,0.6979
"03-Jul-18",71.7,72.85,71.345,72.4,252857,1.920719,0.6837,,,
"04-Jul-18",,,,,,1.912737,0.6835
"05-Jul-18",72.5,73.9,72.2,73.8,244456,2.043401,0.6772
"06-Jul-18",74,74.6,73.85,74.35,120519,2.039893,0.6742
"09-Jul-18",74.35,74.35,72,72.4,266541,1.886311,0.6915
"10-Jul-18",72.4,72.95,71.9,72.8,181527,1.874835,0.6802
"11-Jul-18",72.6,73.05,72.6,72.75,198773,1.706237,0.6794
"12-Jul-18",73,73,72.35,72.7,147451,1.669966,0.6826
"13-Jul-18",72.95,73.1,72,72.1,172823,1.993391,0.6689
"16-Jul-18",72.3,72.3,71.6,72.25,183238
"17-Jul-18",72.25,72.6,71.55,71.7,129932,1.928083,0.6833
"18-Jul-18",71.55,71.55,70.85,71.25,114685
"19-Jul-18",71.15,72.65,71.15,72.55,173330
"20-Jul-18",72.4,72.45,71.45,72.2,169583,2.117751,0.6993
"23-Jul-18",72.1,72.35,71.775,72.2,213514,2.142711,0.6878
"24-Jul-18",72.05,72.55,71.1,72.35,184998,2.244283,0.6933
"25-Jul-18",72.15,72.8,71.95,72.1,191529,2.289438,0.6854
"26-Jul-18",72.3,72.95,72.285,72.5,150571,2.399383,0.6834
"27-Jul-18",72.4,72.7,71.45,71.75,197428,2.211707,0.69
"30-Jul-18",71.7,72.2,70.6,71.05,270886,2.253064,0.6979
"31-Jul-18",71.3,71.85,70.75,71.6,332235
"01-Aug-18",71.6,71.6,70.25,70.95,262294,2.165011,0.6901
"02-Aug-18",70.95,71.7,70.5,71.25,363967,2.090139,0.6982,,,
"03-Aug-18",71.2,72.25,71.2,71.9,257018
"06-Aug-18",72.2,73.7,72.2,73.6,262515,1.968881,0.7175
"07-Aug-18",73.35,74.4,73,74.3,207829,1.899926,0.715
"08-Aug-18",74.05,74.7,73.6,74.6,237883,1.781078,0.7256
"09-Aug-18",74.5,75.2,74.2,75,179598,2.074886,0.7212
"10-Aug-18",75.05,75.95,74.7,74.75,145864,2.194785,0.7143
"13-Aug-18",74.9,74.95,74.1,74.45,144488,2.361168,0.7066
"14-Aug-18",74.55,75.45,74.45,74.8,168809,2.374463,0.7045
"15-Aug-18",75.15,76.15,75.1,75.75,162641,2.346615,0.7054
"16-Aug-18",75.7,76.9,75.65,76.9,158943,2.322609,0.7088
"17-Aug-18",76.8,77.3,76.55,76.8,210408,2.408361,0.7001
"20-Aug-18",77.05,77.2169,76.4,76.55,138715,2.4523,0.7038
"21-Aug-18",76.55,77,75.85,76.6,259127,2.455413,0.6991
"22-Aug-18",76.45,76.45,75.6,75.8,147696,2.516917,0.6927
"23-Aug-18",75.95,76.5,75.55,75.6,109900,2.534014,0.6833
"24-Aug-18",75.7,75.85,75.25,75.65,105543,2.392435,0.6853
"27-Aug-18",75.7,76,74.55,74.8,104199,2.477672,0.6786
"28-Aug-18",74.85,75,74.2,74.45,94955,2.421627,0.6844
"29-Aug-18",74.6,74.8,74.25,74.7,157631,2.318111,0.6834
"30-Aug-18",74.8,74.95,74.35,74.45,127312,2.368297,0.676
"31-Aug-18",74.4,74.8,74.2,74.55,163331,2.303848,0.6764
"03-Sep-18",,,,,,2.283106,0.6782
"04-Sep-18",74.55,75.1,74.45,74.7,138707,2.270156,0.6839
"05-Sep-18",74.75,76.225,74.7,76.15,164075,2.304439,0.6882
"06-Sep-18",76.25,76.75,76.05,76.55,221066,2.356393,0.6843
"07-Sep-18",76.45,76.55,75.5,75.7,181896,2.61452,0.6933
"10-Sep-18",74.9,75.75,74.9,75.05,196893,2.673377,0.6905,,,
"11-Sep-18",75.25,75.7,75,75.35,124955,2.748782,0.6844
"12-Sep-18",75.45,75.75,74.95,75.25,159839
"13-Sep-18",75.4,76.25,74.65,76.2,146467,2.516993,0.6913
"14-Sep-18",75.95,76.35,75.325,76.05,134439,2.685871,0.6888
"17-Sep-18",76.15,76.8,75.6585,76.55,128409,3.109574,0.6836
"18-Sep-18",76.5,76.675,75.95,76.15,144700,3.18227,0.6855
"19-Sep-18",76.05,76.05,73.7,74.2,274446,3.67191,0.6696
"20-Sep-18",74.2,74.85,73.65,74.7,144362,3.712714,0.6727
"21-Sep-18",74.45,75.1002,74.3,74.55,405575,3.662954,0.6779
"24-Sep-18",74.45,74.45,73.3,73.6,189320,3.375157,0.6949
"25-Sep-18",73.55,73.55,72.55,72.85,204554,3.384386,0.6851
"26-Sep-18",73,73.35,71.9,72.05,177834,3.239417,0.6901
"27-Sep-18",72,73.3,72,72.55,149005,3.420323,0.6933
"28-Sep-18",72.6,73.7,72.3,73.55,242399,3.342496,0.7302
"01-Oct-18",73.52,73.68,72.07,72.07,170948,3.307025,0.6962
"02-Oct-18",72.22,73.2151,72.22,72.88,125609,3.241856,0.6882,,,
"03-Oct-18",72.91,73.3099,71.4574,71.97,167458,3.141485,0.692
"04-Oct-18",71.66,72.6,70.73,72.44,155254,2.960064,0.6842
"05-Oct-18",72.55,73.7,72.55,73.35,121062,3.284046,0.6997
"08-Oct-18",73.51,74.865,73.41,74.28,143749,3.294591,0.6997
"09-Oct-18",74.56,75.285,74.03,74.45,160529,3.351988,0.6958
"10-Oct-18",74.25,75.98,74.03,74.46,198158,3.127883,0.6822
"11-Oct-18",74.28,74.46,72.91,72.98,200809,3.040622,0.6869
"12-Oct-18",73.4,73.4,70.92,71.62,153203,3.060934,0.6888
"15-Oct-18",71.59,72.69,71.2524,72.28,122486,3.091986,0.6893
"16-Oct-18",72.22,73.8,72,73.63,145410,3.020862,0.691
"17-Oct-18",73.73,73.99,73,73.88,105494,3.007748,0.686
"18-Oct-18",73.9,74.6,73.36,73.99,134466,3.138928,0.6807
"19-Oct-18",73.75,75.49,73.75,75.27,197367,3.260759,0.6772
"22-Oct-18",75.47,75.87,74.78,74.86,118278,3.147926,0.6841
"23-Oct-18",74.76,75.18,74.07,74.49,161653,3.136374,0.6852
"24-Oct-18",74.8,76.34,74.41,75.34,235027,3.261816,0.681
"25-Oct-18",75.28,75.55,73.53,73.95,256056,3.525918,0.6728
"26-Oct-18",73.97,74.27,72.78,73.27,181780
"29-Oct-18",73.03,74.435,73.03,73.73,158554
"30-Oct-18",73.85,74.875,73.02,73.92,158358
"31-Oct-18",73.97,73.97,72.36,72.58,179614
"01-Nov-18",72.71,72.9,71.905,72.5,189679
"02-Nov-18",72.52,72.9,71.25,71.79,182440
"05-Nov-18",72.01,73.37,71.82,73.31,245181,3.934924,0.6463
"06-Nov-18",73.26,74.64,73.26,74.59,154761,3.84148,0.6497
"07-Nov-18",74.55,75.77,74.305,75.52,192443,3.948528,0.6538
"08-Nov-18",75.52,75.88,74.4,75.87,125117,4.006578,0.6619
"09-Nov-18",75.9,76.76,75.54,76.12,110645,3.880845,0.6657
"12-Nov-18",75.98,77.57,75.82,76.12,101117,3.901169,0.675
"13-Nov-18",76.28,76.62,75.45,76.23,150243,4.11469,0.6722
"14-Nov-18",76.23,77,75.88,75.94,172748,4.093279,0.6695
"15-Nov-18",76.93,77.22,73.93,76.59,327396,4.063398,0.6594,,,
"16-Nov-18",76.78,79.02,76.07,78.88,450971,4.326269,0.6681
"19-Nov-18",77.87,80.78,77.87,80.37,418514,4.583823,0.667
"20-Nov-18",80.8,81.13,79.11,79.52,195862,4.936491,0.6462
"21-Nov-18",79.54,79.61,78.18,78.55,166993,5.052995,0.6452
"22-Nov-18",,,,,,5.19926,0.6412
"23-Nov-18",78.6,79.36,78.36,78.89,66502,5.169772,0.6492
"26-Nov-18",79.13,79.59,78.72,79.51,218006,5.196735,0.6486
"27-Nov-18",79.28,79.85,79.06,79.56,169091,5.497389,0.6485
"28-Nov-18",79.75,79.93,78.77,78.88,250972,5.63655,0.6741
"29-Nov-18",78.72,79.63,77.14,77.28,349435,5.540749,0.6747
"30-Nov-18",77.27,79.11,76.89,78.91,475004,5.800032,0.6701
"03-Dec-18",78.93,79.275,77.84,79.14,196576,6.042952,0.6689
"04-Dec-18",79.11,79.89,76.89,77.36,589560
"05-Dec-18",,,,,,5.493507,0.6685
"06-Dec-18",77.62,79.3,77.01,79.24,287651,5.328037,0.6639
"07-Dec-18",79.22,80.23,78.59,79.47,276120,5.429727,0.6589
"10-Dec-18",79.01,79.71,77.45,79.45,231043,5.520878,0.6525,,,
"11-Dec-18",79.75,80.04,78.72,79.28,223302,6.005092,0.6376
"12-Dec-18",79.45,80.01,79.08,79.55,241765,5.098534,0.6561
"13-Dec-18",79.28,80.43,79.28,79.89,141282,4.848493,0.6618
"14-Dec-18",79.77,79.98,78.75,79.32,121496,4.842357,0.6686
"17-Dec-18",79.19,79.66,75.96,76.45,305888,4.846387,0.6639
"18-Dec-18",76.68,77.5,75.59,75.86,222310,4.861502,0.6631
"19-Dec-18",75.9,77.195,75.2,75.68,168276
"20-Dec-18",75.46,76.83,74.84,75.84,179428,4.934416,0.6474
"21-Dec-18",75.87,77.89,75.17,75.21,881873,4.856504,0.6542
"24-Dec-18",75.26,75.49,71.09,71.15,116684
"25-Dec-18",,,,,,5.404616,0.6491
"26-Dec-18",71.4,72.88,70.53,72.41,250611
"27-Dec-18",71.99,73.3,71.007,73.24,217804
"28-Dec-18",73.7,74.46,72.83,73.64,171821
"31-Dec-18",73.65,74.215,72.98,74.08,204337,4.988294,0.6376
"02-Jan-19",73.61,73.62,71.67,72.41,248944
"03-Jan-19",72.33,73.57,71.915,72.71,150567,,,,,
"04-Jan-19",72.66,74.19,72.37,73.78,187696
"07-Jan-19",72.72,73.72,72.55,73.09,213787
"08-Jan-19",73.25,74.55,72.95,74.36,202864
"09-Jan-19",73.99,74.6,73.36,73.65,138574
"10-Jan-19",73.89,74.75,73.34,74.69,218367
"11-Jan-19",74.58,74.9475,73.805,74.25,216359
"14-Jan-19",73.93,74.17,73.42,73.98,233507
"15-Jan-19",74.03,75.07,73.81,74.56,138856
"16-Jan-19",74.83,75.76,74.595,75.65,154466
"17-Jan-19",75.54,76.86,75.5105,76.73,185671
"18-Jan-19",76.82,77.87,76.559,77.36,207946
"21-Jan-19",,,,,,5.10873,0.6143
"22-Jan-19",77.42,78.04,76.86,77.16,232552,5.217238,0.613
"23-Jan-19",75.75,77.005,74.855,76.88,247982,5.165828,0.6018
"24-Jan-19",77.19,77.65,76.225,77.63,160127,5.182806,0.6078
"25-Jan-19",77.61,77.83,76.825,77.03,194677,5.23358,0.6067
"28-Jan-19",77.01,77.28,75.86,76.95,155324,5.247973,0.6129
"29-Jan-19",77.24,77.66,76.59,76.61,143615,5.387105,0.6133
"30-Jan-19",76.54,78.07,76.4,77.76,162291,5.57668,0.6138
"31-Jan-19",77.78,79.54,77.78,79.37,196126,5.544001,0.608
"01-Feb-19",79.25,79.25,77.91,78.69,157226,5.266745,0.605
"04-Feb-19",78.63,79,77.72,78.99,178753,5.349944,0.6015
"05-Feb-19",79,79.27,78.41,78.76,186653,5.377081,0.6013
"06-Feb-19",74.53,78.67,74,77.94,437958,5.284672,0.5987,,,
"07-Feb-19",77.94,78.28,77.085,78.03,360452,5.324236,0.5964
"08-Feb-19",78.12,78.61,77.69,78.55,247129,5.591515,0.592
"11-Feb-19",76.96,77.37,75.79,77.18,795766,5.456989,0.5893
"12-Feb-19",77.43,77.55,76.52,76.94,438303,5.644119,0.5912
"13-Feb-19",76.74,76.91,76.25,76.66,391544,5.859298,0.5556
"14-Feb-19",76.16,76.69,75.3,75.34,11259760,3.842521,0.5469
"15-Feb-19",75.41,77.18,75.41,76.61,538057,3.738158,0.5429,1887871
"18-Feb-19",,,,,,3.685575,0.5423
"19-Feb-19",76.69,77.44,76.52,76.86,364135,2.331087,0.5894
"20-Feb-19",76.93,77.525,76.48,77.27,278879,2.149284,0.5889
"21-Feb-19",77.07,77.87,76.5,77.83,289111,1.74713,0.5566
"22-Feb-19",78.04,78.85,77.77,78.36,315497,1.651246,0.5508
"25-Feb-19",78.2,78.39,77.165,77.46,276293,1.716845,0.5725
"26-Feb-19",77.7,78.12,77.3,77.62,263781,1.558482,0.5636
"27-Feb-19",77.3,78.89,77.3,78.82,282380,1.46381,0.5668,,745331.4708
"28-Feb-19",78.61,79.66,78.11,79.32,380911,1.451799,0.5692,918859,744953.8966
"01-Mar-19",79.48,79.81,78.56,79.28,193724,1.496165,0.5643,,767985.9228
"04-Mar-19",79.37,79.73,78.65,79.72,283414,1.37388,0.5438,,707574.0508
"05-Mar-19",79.6,80,79.34,79.47,145448,1.374669,0.5519,,696246.8248
"06-Mar-19",79.52,79.83,79.0301,79.61,225756,1.401003,0.5496,,703798.3088
"07-Mar-19",79.82,80.55,79.13,79.39,360484,1.479394,0.5691,,745331.4708
"08-Mar-19",78.94,79.52,78.76,79.19,311234,1.811955,0.5271,,914107.1382,
"11-Mar-19",79.3,79.96,79.3,79.78,282261,1.90781,0.5369,,1189187.3178
"12-Mar-19",79.89,80.6,79.83,80.23,279144,1.171486,0.6084,,731779.3076
"13-Mar-19",80.16,80.94,79.975,80.51,319086,1.230244,0.6151,,770647.0433
"14-Mar-19",80.6,81.18,80.01,80.03,288567,1.098767,0.6039,,692084.5988
"15-Mar-19",80.52,81.29,79.74,80.26,960484,1.040067,0.6044,710688,675545.1368
"18-Mar-19",80,81.06,79.69,80.72,410495,1.113455,0.6136,,725898.61
"19-Mar-19",80.75,80.75,79.63,79.93,217116,1.443807,0.5948,,941095.3878
"20-Mar-19",79.92,81.13,79.34,80.43,320569,1.260648,0.6028,,826146.1269
"21-Mar-19",80.32,81.52,80.32,81.5,261052,1.239975,0.5908,,815027.933
"22-Mar-19",81.5,82.41,81.05,81.21,303647,1.198135,0.59,,771290.2446
"25-Mar-19",81.26,82.53,80.72,82.46,385366,1.176471,0.5981,,764766.3457
"26-Mar-19",82.61,83.28,82.41,82.82,180418,1.225103,0.5818,,829657.1712
"27-Mar-19",82.87,82.895,81.94,82.38,280694,1.199226,0.5823,,813027.072
"28-Mar-19",82.53,82.71,81.51,82.07,185514,1.144964,0.5898,,775360.608
"29-Mar-19",82.21,82.41,81.78,82.29,249368,1.170388,0.5865,899689,794762.3904
"01-Apr-19",82.2,82.45,81.43,81.98,219160,1.112382,0.5975,,755745.6192
"02-Apr-19",82.03,82.03,80.93,81.04,222005,1.159038,0.5997,,781046.112,
"03-Apr-19",81.18,81.98,80.53,81.98,188531,1.19608,0.5873,,804356.6784
"04-Apr-19",82.29,82.29,81.05,81.4,163236,1.231924,0.5898,,828804.3456
"05-Apr-19",81.42,82.73,80.93,82.72,125464,1.30139,0.5921,,873577.6896
"08-Apr-19",82.29,82.345,81.83,82.05,114432,1.338722,0.5925,,895537.9488
"09-Apr-19",82.17,82.21,81.46,81.55,127040,1.365816,0.5845,,1031493.4385
"10-Apr-19",81.74,82.51,81.57,81.72,130391,1.449957,0.5814,,1094741.5752
"11-Apr-19",81.56,82.15,81.54,81.96,142141,1.44159,0.5782,,1085384.8096
"12-Apr-19",81.87,82.18,81.46,82.03,120933,1.517554,0.5841,,1138736.3673
"15-Apr-19",82.2,82.55,82.11,82.37,160878,1.494801,0.5847,699532,1118673.3026
"16-Apr-19",82.28,83.02,81.21,81.23,176584,1.508841,0.5826,,1130729.1352
"17-Apr-19",81.24,81.43,80.69,80.88,226474,1.488004,0.5866,,1118043.5203
"18-Apr-19",81.07,81.59,80.65,81.49,178644,1.524722,0.577,,1145304.097
"19-Apr-19",,,,,,1.511793,0.5667,,1145304.097
"22-Apr-19",81.38,81.7,80.75,80.91,144915,1.558769,0.601,,1168246.1665
"23-Apr-19",81.18,82.23,81,81.87,169911,1.469207,0.5847,,1098610.2379
"24-Apr-19",81.84,82.73,81.74,82.34,136670,1.450544,0.583,,675538.0524
"25-Apr-19",81.86,82.74,81.86,82.65,184498,1.396371,0.5705,,650914.526
"26-Apr-19",82.96,83.33,82.7711,82.81,127105,1.366716,0.5665,,635524.822
"29-Apr-19",82.55,82.95,82.52,82.85,119478,1.30478,0.5681,,605934.6184
"30-Apr-19",82.96,84.54,82.96,84.19,296041,1.210698,0.5648,712668,565361.7624
"01-May-19",84.66,86.76,83.41,85.04,452742,1.173015,0.5756,,558436.3956,
"02-May-19",85.13,85.835,84.055,84.55,211325,1.068543,0.559,,509748.9684
"03-May-19",84.86,86.26,84.8,85.55,220744,0.974171,0.5492,,460921.6348
"06-May-19",85.37,86.22,85.18,85.32,227333,0.845546,0.5497,,404539.3556
"07-May-19",85.04,85.745,84.16,84.67,144370,1.090654,0.5238,,516324.5692
"08-May-19",84.61,84.7085,83.47,83.52,170624,1.011909,0.5498,,475751.7132
"09-May-19",83.47,83.95,82.97,83.54,123805,1.003589,0.5528,,592155.8412
"10-May-19",83.35,85.07,83.11,85.04,137559,1.022008,0.5587,,596431.8492
"13-May-19",84.34,85.85,84.34,85.75,176489,1.02341,0.5598,,583532.5584
"14-May-19",85.55,85.73,84.9,85.32,142989,0.990594,0.5487,,559515.6468
"15-May-19",85.22,86.3,84.85,84.9,128035,1.807118,0.5494,964557,586597.0308
"16-May-19",84.68,86.15,84.68,85.95,133640,1.840526,0.5629,,581394.5544
"17-May-19",85.75,87.13,85.32,86.11,743405,1.821195,0.5663,,594935.2464
"20-May-19",86.11,86.47,85.25,85.75,131791,1.91131,0.5645,,614889.9504
"21-May-19",85.71,86.065,85.02,85.42,129729,3.889795,0.5365,,1239115.8516
"22-May-19",85.48,85.77,85.01,85.61,129820,3.76965,0.5094,,1188088.8228
"23-May-19",85.44,85.92,85.07,85.89,126592,3.48286,0.5153,,1083754.2276
"24-May-19",85.41,86.15,85.12,85.71,214472,3.16059,0.5002,,1615150.6965
"27-May-19",,,,,,3.053037,0.4982,,1551972.213
"28-May-19",85.67,85.67,84.37,84.4,214037,3.036855,0.4979,,1536346.3896
"29-May-19",84.37,84.37,82.58,82.86,195658,3.063721,0.5011,,1546281.3267
"30-May-19",82.95,83.15,81.68,82.24,309002,3.00587,0.5005,,1525350.4398
"31-May-19",82.06,83.42,81.62,83.32,247531,3.17632,0.5077,1054657,1613607.4053
"03-Jun-19",83.43,84.67,82.99,84.47,240334,3.075461,0.5073,,1551489.9345
"04-Jun-19",84.12,84.38,82.93,84.16,157487,3.208542,0.512,,1610810.19
"05-Jun-19",84.16,85.85,83.72,85.32,173237,3.082791,0.5124,,1536153.4782
"06-Jun-19",85.16,85.655,84.615,85.13,145040,3.168544,0.5143,,1578883.3533
"07-Jun-19",85.08,86.43,84.98,85.24,208832,3.285575,0.5214,,1635309.9378
"10-Jun-19",84.63,85.085,83.1998,83.87,176993,3.631394,0.526,,1773916.7787,
"11-Jun-19",83.76,84.06,82.85,83.43,216229,5.163174,0.5391,,1647796.0968
"12-Jun-19",83.89,84.75,83.89,84.7,174598,3.728121,0.5217,,1180899.4429
"13-Jun-19",84.91,85.25,84.16,84.74,124958,3.37519,0.5055,,1057610.0396
"14-Jun-19",84.58,85.25,83.76,84.72,139033,3.353669,0.5017,1017781,1037571.5566
"17-Jun-19",84.72,84.95,83.635,84.22,186015,3.478168,0.4972,,1009834.0775
"18-Jun-19",84.48,84.77,83.28,83.98,192004,3.478786,0.5015,,1009201.2833
"19-Jun-19",83.79,85.01,83.35,84.75,141102,3.379658,0.4919,,960265.1985
"20-Jun-19",85.19,85.56,84.13,85.34,184100
"21-Jun-19",84.77,85.49,84.46,85.49,486751
"24-Jun-19",85.69,85.69,84.91,85.06,165686,3.211765,0.4627,,907637.8142
"25-Jun-19",85.15,85.86,85.02,85.08,163086,3.072697,0.4511,,849643.5788
"26-Jun-19",84.98,85.42,83.06,83.08,177337,3.130373,0.4422,,851475.5846
"27-Jun-19",83.24,83.75,82.69,83.73,140945,2.563741,0.4158,,695144.423
"28-Jun-19",83.7,84.66,83.62,83.92,416888,2.79769,0.4325,964222,766796.2054
"01-Jul-19",83.73,84.065,82.82,83.62,187641,2.712906,0.4304,,740435.6775
"02-Jul-19",83.76,84.95,83.53,84.64,253906,2.765,0.4316,,756720.1735,
"03-Jul-19",84.89,85.8,84.64,85.4,94727,2.870412,0.4456,,777584.684
"04-Jul-19",,,,,,2.903929,0.4467,,786846.4911
"05-Jul-19",84.93,85.56,84.11,85.49,95755,2.94282,0.4423,,792953.1771
"08-Jul-19",85.64,86.2096,84.57,84.96,144284,3.064177,0.4329,,826947.0625
"09-Jul-19",84.98,85.52,84.43,85.47,110788,2.936483,0.4273,,792240.7304
"10-Jul-19",85.76,86.04,85.225,85.37,128429,3.205494,0.4294,,1087545.9938
"11-Jul-19",85.09,85.64,84.807,85.47,158470,3.108158,0.4275,,1056980.1564
"12-Jul-19",85.63,85.81,84.5,85.25,187378,3.133764,0.43,,1069707.8868
"15-Jul-19",85.36,85.53,84.62,84.71,112138,3.032085,0.4179,892478,1034224.5172
"16-Jul-19",84.62,85.17,84.19,84.99,222227,2.929356,0.4274,,1004237.213
"17-Jul-19",85.11,85.83,84.72,85.54,134187,2.797327,0.4329,,955640.4242
"18-Jul-19",85.37,86.065,84.76,86.01,140342,2.83429,0.4314,,961425.7562
"19-Jul-19",85.53,86.34,84.9,84.95,178602,2.773437,0.4306,,940791.4054
"22-Jul-19",85.07,85.46,84.3,84.7,138508,2.779288,0.4328,,938670.117
"23-Jul-19",84.72,84.97,84.07,84.87,132949,2.826881,0.4332,,953808.4024
"24-Jul-19",84.92,85.43,84.2647,85.38,202942,2.864535,0.4321,,836341.1338
"25-Jul-19",85.39,86.08,84.35,84.49,161905,2.909654,0.4367,,851245.5164
"26-Jul-19",84.27,85.62,84.27,85.32,127251,2.845999,0.4311,,828755.0708
"29-Jul-19",85.56,86.07,85.17,85.69,113773,2.790718,0.45,,811708.741
"30-Jul-19",80.75,85.74,80.75,83.55,530938,,,,,
"31-Jul-19",83.59,84.46,81.93,82.41,488960,2.529131,0.4491,925740,777973.0726
"01-Aug-19",82.36,82.99,81.9,82.16,414600,4.287596,0.5126,,1330773.9458
"02-Aug-19",81.72,82.7,81.34,81.64,168285,4.233985,0.5085,,1285793.0546
"05-Aug-19",81.36,81.36,79.32,79.96,354772,4.417575,0.5175,,1354335.365
"06-Aug-19",79.85,80.69,79.21,80.38,220096,4.298883,0.5117,,1319974.962
"07-Aug-19",80.33,81.4,79.81,80.77,227155,4.603442,0.521,,1413506.6564
"08-Aug-19",80.88,82.21,80.11,82.2,272217,5.061471,0.5278,,1569333.3152
"09-Aug-19",81.82,82.56,81.22,81.3,234130,5.095212,0.5305,,1888972.47
"12-Aug-19",81.13,82.25,80.43,80.59,150637,5.102971,0.5287,,1905358.068
"13-Aug-19",81,81.68,80.4,81.09,151327,5.331249,0.5311,,1982564.784
"14-Aug-19",80.83,81.39,79.99,80.25,182731,5.379165,0.5319,,2001357.306
"15-Aug-19",80.26,81.86,79.95,81.4,192485,5.56899,0.5246,1271356,2079674.91
"16-Aug-19",81.34,82.69,81.17,82.59,232302,5.406854,0.5214,,2034961.668
"19-Aug-19",82.71,83.09,81.61,82.74,144999,5.775657,0.523,,2087358.552
"20-Aug-19",82.82,82.88,81.38,81.66,134321,5.972664,0.5278,,2147809.374
"21-Aug-19",81.77,82.22,81.32,82.02,213999,6.214816,0.5282,,2249270.478
"22-Aug-19",82.21,82.59,81.34,82.12,177541,6.242323,0.5281,,2267600.13
"23-Aug-19",82.17,83.15,79.9,80.11,234756,6.148272,0.525,,2251492.254
"26-Aug-19",80.36,81.83,80.36,81.8,228136,6.003571,0.5248,,1353231.3264
"27-Aug-19",82.33,83,82.02,82.11,296166,5.885416,0.5227,,1336068.0204
"28-Aug-19",82.19,83.45,82.18,83.31,292946,5.809414,0.5236,,1327422.7996
"29-Aug-19",83.66,84.6,83.4346,84.54,194758,6.039618,0.5283,,1378149.904
"30-Aug-19",84.56,85.22,83.58,84.9,207361,6.002135,0.5228,1468567,1370776.0392
"02-Sep-19",,,,,,6.069746,0.5228,,1370776.0392
"03-Sep-19",84.86,85.84,84.71,85.71,184766,6.119019,0.5284,,1379929.8024
"04-Sep-19",86.14,86.25,85.15,85.65,145880,6.238455,0.5285,,1396838.8372
"05-Sep-19",85.31,86.48,85.05,85.74,208575,6.31897,0.5259,,1420358.9232
"06-Sep-19",85.9,85.9,84.98,85.27,182152,6.44546,0.5255,,1449854.3824
"09-Sep-19",84.91,85.03,84.105,84.61,283499,6.443141,0.5252,,1464093.5696
"10-Sep-19",84.03,84.99,83.42,84.59,228044,7.750872,0.4941,,1764387.8568,
"11-Sep-19",83.03,86.47,81.23,86.44,450984,9.36435,0.5015,,2330909.5424
"12-Sep-19",87,87,86.1,86.48,220622,7.314518,0.4912,,1821169.9367
"13-Sep-19",86.53,87.07,85.79,86.99,232345,6.903086,0.494,1701021,1726153.6518
"16-Sep-19",87.34,87.51,86.2,86.2,255493,6.093513,0.4993,,1546547.9077
"17-Sep-19",86.17,87.04,85.73,86.26,198132,5.92992,0.5346,,1503372.0379
"18-Sep-19",86.72,86.91,85.325,86.43,214293,5.956181,0.5052,,1513064.5801
"19-Sep-19",87.13,88,86.53,86.74,178196,5.843341,0.5011,,1482958.9566
"20-Sep-19",86.6,86.98,85.905,86.27,493322,5.454933,0.4705,,1419663.7189
"23-Sep-19",86.53,87.36,85.93,86.14,197472,5.687837,0.5005,,1453293.9032
"24-Sep-19",86.48,87.25,86.48,87.17,292350,4.735129,0.4974,,1198879.6008
"25-Sep-19",87.14,87.66,86.81,87,330026,4.371259,0.4846,,1119782.1243
"26-Sep-19",87.24,87.7,86.79,87.18,156496,4.526467,0.4754,,1159075.7094
"27-Sep-19",87.11,87.36,86.07,86.58,200115,4.548396,0.4766,,1166560.2018
"30-Sep-19",86.46,87.45,86.46,87.24,286114,4.617129,0.4714,1545821,1179658.0635
"01-Oct-19",87.11,87.24,85.92,86.15,200646,4.673765,0.5225,,1192585.8231
"02-Oct-19",86.23,86.23,84.77,85.27,205350,5.029291,0.4751,,1284951.2634,
"03-Oct-19",85.22,86.255,84.31,85.22,162061,5.237223,0.4725,,1329347.9115
"04-Oct-19",85.44,85.85,84.9,85.62,194160,5.236805,0.4742,,1338703.527
"07-Oct-19",85.37,85.79,84.74,85.56,132478,5.196664,0.4756,,1331899.443
"08-Oct-19",85.27,85.73,84.47,84.7,163800,5.113405,0.4716,,1305703.7196
"09-Oct-19",85.01,85.1,84.3101,84.76,170122,5.222074,0.4757,,1750487.7004
"10-Oct-19",84.58,85.03,84.14,84.79,158187,5.266274,0.4787,,1771201.7018
"11-Oct-19",84.94,86.02,84.66,85.51,223912,5.850168,0.4998,,1980505.8652
"14-Oct-19",85.51,86.03,84.28,84.47,127663,5.856945,0.5001,,1983133.7609
"15-Oct-19",84.25,84.605,83.66,84.04,191370,5.871205,0.497,1557913,1984061.2535
"16-Oct-19",83.95,84.11,83.355,83.72,151370,5.870353,0.583,,1989007.8807
"17-Oct-19",83.66,84.6982,83.53,84.31,136371,5.911214,0.5052,,1991017.448
"18-Oct-19",84.07,84.59,83.9612,84.25,175206,6.074803,0.5084,,2052077.3775
"21-Oct-19",84.09,84.56,83.82,84.16,179102,6.125033,0.5085,,2080520.4839
"22-Oct-19",84.38,85.16,84.14,84.22,126839,6.037285,0.5084,,2037546.6601
"23-Oct-19",84.37,84.89,84.33,84.71,168112,6.0594,0.5102,,2049140.3176
"24-Oct-19",84.81,84.94,84.54,84.75,94815,6.170348,0.5113,,1634250.737
"25-Oct-19",84.99,84.99,84.1,84.14,103316,6.220106,0.5114,,1635964.4413
"28-Oct-19",83.75,84.28,83.07,83.09,232664,6.123127,0.5027,,1628953.8328
"29-Oct-19",83.35,83.54,82.59,83.44,162639,5.984754,0.5032,,1585799.6427
"30-Oct-19",83.34,84.115,83.03,84.03,181275,6.218065,0.506,,1655282.5625
"31-Oct-19",84.14,84.4,83.5848,84.06,136499,6.468811,0.507,1577333,1675223.8489
"01-Nov-19",84.08,84.6018,83.83,84.22,139312,6.664485,0.348,,1683324.9965
"04-Nov-19",84.33,84.45,82.31,82.67,194107,6.670789,0.5049,,1662448.9623
"05-Nov-19",82.45,83.13,81.9,82.57,310790,6.72204,0.5048,,1688154.5268
"06-Nov-19",82.63,83.34,82.17,82.45,199008,7.583674,0.5798,,1882893.6518
"07-Nov-19",82.38,82.67,80.6,81.34,155801,7.448091,0.5789,,1840518.4182
"08-Nov-19",80.87,81.45,79.9,80.38,160297,7.412702,0.5797,,1822602.4187
"11-Nov-19",80.21,80.95,80.21,80.9,122309,7.510608,0.5796,,1821511.8796
"12-Nov-19",80.89,81.14,80.39,80.61,146341,6.711562,0.5194,,1526227.4108
"13-Nov-19",80.4,81.33,80.4,80.82,206379,6.529771,0.5123,,1491210.6182
"14-Nov-19",81.07,81.31,80.62,80.79,185382,,,,,
"15-Nov-19",80.78,80.99,80.26,80.61,197687,7.21134,0.529,1321643,1652887.2507
"18-Nov-19",80.67,81.35,80.17,80.35,149411,7.565929,0.5372,,1724340.4356
"19-Nov-19",80.5,81.03,80,80.31,235648,7.54391,0.537,,1724024.969
"20-Nov-19",80.24,80.24,74.34,75.54,1134687,6.995873,0.5368,,1718188.8369
"21-Nov-19",75.19,76.145,74.34,76.07,448536,6.878599,0.5462,,1726706.4351
"22-Nov-19",76.37,77.64,75.84,77.09,270329,6.935634,0.5469,,1747842.6973
"25-Nov-19",77.47,77.765,76.715,76.93,331308,7.363902,0.5562,,1873713.8707
"26-Nov-19",75.78,78.06,75.78,77.81,408089,7.170923,0.581,,1477200.3811
"27-Nov-19",77.91,78.04,77.32,77.75,311518,7.284703,0.5734,,1509051.9774
"28-Nov-19",,,,,,7.383614,0.5792,,1522400.5717
"29-Nov-19",77.59,78.23,77.42,77.42,155770,7.445017,0.581,1337275,1520814.6001
"02-Dec-19",77.28,77.77,77.1,77.29,303056,7.637294,0.5802,,1573680.3201
"03-Dec-19",77.34,77.55,76.75,77.17,249744,7.791839,0.5815,,1608043.0381
"04-Dec-19",77.26,78.39,77.26,78.08,235011,7.886692,0.5795,,1633154.2551
"05-Dec-19",77.75,78.73,77.73,78.71,214732,7.918773,0.5775,,1647560.1638
"06-Dec-19",78.81,79.89,78.665,79.54,441202,7.985189,0.5736,,1687341.6181
"09-Dec-19",79.75,79.75,79.03,79.28,251821,8.112802,0.5811,,1722232.9933
"10-Dec-19",78.32,79.28,78.32,79.26,205991,9.310116,0.556,,1728962.8475,
"11-Dec-19",79.56,80,78.92,79.7,267146,11.027707,0.5689,,2053252.035
"12-Dec-19",79.69,80.22,79.12,79.52,245403,9.296908,0.5734,,1707432.72
"13-Dec-19",79.52,79.95,78.8,79.86,422793,9.176858,0.5709,1758849,1708235.085
"16-Dec-19",79.24,80.81,78.98,80.76,375327,8.976688,0.5746,,1686838.685
"17-Dec-19",80.79,82.165,80.285,82.07,273343,8.688307,0.5792,,1634551.2325
"18-Dec-19",82.18,84.04,81.915,83.88,375375,8.04017,0.58,,1530243.7825
"19-Dec-19",83.67,84.27,83.64,83.96,255595,7.554626,0.5912,,1441582.45
"20-Dec-19",84.06,84.47,83.78,84.28,758685,7.890786,0.594,,1562204.655
"23-Dec-19",84.37,84.37,82.3,83.26,213574,8.117133,0.5887,,1579054.32
"24-Dec-19",83.33,83.58,82.48,82.48,94363
"25-Dec-19",,,,,,8.167123,0.5866,,1619724.0441
"26-Dec-19",82.58,82.85,82.22,82.54,226626,7.857606,0.5836,,1547963.0049
"27-Dec-19",82.53,82.79,82.24,82.72,171418
"30-Dec-19",82.46,83.24,82.382,83.15,220769,7.027322,0.5769,,1387555.9761
"31-Dec-19",83.15,83.6,83.08,83.31,268619,6.986127,0.5744,1419382,1381927.6593
"01-Jan-20",,,,,,7.010972,0.5744,,1382807.0838
"02-Jan-20",83.48,83.505,81.785,82.52,239930,6.628329,0.5713,,1310694.2748
"03-Jan-20",81.99,83.065,81.99,82.75,230643,6.672683,0.5643,,1321599.1386,
"06-Jan-20",82.1,83.23,82.1,82.69,323141
"07-Jan-20",82.45,82.99,82.12,82.28,219511,6.314875,0.5644,,1265843.6253
"08-Jan-20",81.61,81.91,80.885,81.26,304912,6.290801,0.5637,,1274989.6401
"09-Jan-20",81.31,81.625,80.79,81,187364,5.862698,0.5713,,1190037.2334
"10-Jan-20",81.15,81.38,80.86,81.05,176057,5.679741,0.5719,,1184474.279
"13-Jan-20",81.05,81.9351,81.03,81.85,234171,5.599999,0.5706,,1175248.296
"14-Jan-20",82.01,82.28,81.56,82.25,190429,5.385096,0.5715,,1126137.6788
"15-Jan-20",82.29,83.47,82.29,83.37,239752,5.091999,0.573,1260046,1072343.101
"16-Jan-20",83.66,84.26,83.29,84.21,210862,5.001911,0.5452,,1054742.7642
"17-Jan-20",84.32,84.47,83.79,84.13,193801,4.878478,0.544,,1031464.8994
"20-Jan-20",,,,,,4.853245,0.5443,,1038561.8094
"21-Jan-20",84.15,84.235,83.405,84.13,173751,4.971866,0.5441,,1058575.0956
"22-Jan-20",84.4,84.5,83.265,83.43,258822,4.663931,0.5433,,998109.4224
"23-Jan-20",83.42,84.45,83.2,84.4,270319,4.746413,0.5408,,1024793.804
"24-Jan-20",84.38,84.66,83.86,84.58,217507,4.671139,0.5489,,1011735.4896
"27-Jan-20",84.27,84.99,83.82,84.14,223244,4.376988,0.5485,,1133663.3862
"28-Jan-20",84.54,85.13,84.05,84.49,213701,4.453315,0.5457,,1150169.9888
"29-Jan-20",84.54,84.68,83.75,84.34,197929,4.364734,0.5414,,1124843.0642
"30-Jan-20",84,84.85,83.925,84.82,169525,4.321844,0.544,,1114258.6778
"31-Jan-20",84.57,85.27,83.81,84.32,444806,4.254404,0.5442,1064858,1114636.6916
"03-Feb-20",84.54,85.69,84.54,85.48,297164,4.240481,0.5435,,1130261.262
"04-Feb-20",85.54,85.81,84.63,84.8,237232,4.969342,0.5373,,1322166.2678
"05-Feb-20",84.93,86.945,84.475,86.6,280897,4.766215,0.5327,,1274662.5336,
"06-Feb-20",87.18,87.18,85.96,86.19,198570,4.751721,0.5287,,1262314.0828
"07-Feb-20",86.2,86.63,85.78,86.16,237118,4.825545,0.535,,1284868.9062
"10-Feb-20",86.43,86.58,85.73,86.34,149382,4.659542,0.5274,,1248201.5676
"11-Feb-20",86.61,87.08,85.92,85.95,175003,4.514363,0.5432,,1148981.782
"12-Feb-20",86.25,86.25,85.235,85.89,208247,4.483919,0.5495,,1147065.0376
"13-Feb-20",85.82,86.73,85.49,86.7,167876,4.373373,0.5538,,1120124.1302
"14-Feb-20",86.99,87.61,86.67,87.58,197088,4.386312,0.5602,994071,1122892.761
"17-Feb-20",,,,,,4.345172,0.5602,,1122892.761
"18-Feb-20",87.79,87.96,87.1,87.6,185822,4.25565,0.5765,,1094141.595
"19-Feb-20",87.48,87.65,86.84,87.04,170860,4.117536,0.584,,1059959.6532
"20-Feb-20",86.85,87.2,86.08,87.18,199438,3.876331,0.5944,,995748.7158
"21-Feb-20",87.41,87.52,86.82,87.02,281812,4.175425,0.5957,,1018004.248
"24-Feb-20",86.43,86.43,85.31,85.84,197012,4.314428,0.5942,,1033977.118
"25-Feb-20",85.81,85.81,83.47,83.51,229639,4.122478,0.6056,,986590.937
"26-Feb-20",83.74,84.58,82.3,82.38,364145,4.006611,0.6202,,850626.5547
"27-Feb-20",81.7,83.36,79.74,79.77,394856,4.200472,0.6158,,891085.2444
"28-Feb-20",78.02,78.04,73.82,75.05,576854,3.911089,0.6434,956521,843767.4648
"02-Mar-20",75.05,79.56,74.92,79.52,395874,4.261814,0.6317,,933333.2619
"03-Mar-20",79.18,81.19,77.54,77.86,292831,4.099413,0.6436,,897149.0775
"04-Mar-20",78.88,81.57,78.85,81.24,218935,4.033849,0.6437,,881144.5344
"05-Mar-20",79.8,80.23,78.495,79.86,273801,4.364624,0.6459,,955699.8594
"06-Mar-20",77.67,81.63,76.66,81.35,674339,4.085925,0.6351,,920112.1176
"09-Mar-20",75,78.38,74.0052,76.98,439395,4.202862,0.6348,,946355.592
"10-Mar-20",77.76,78.43,72.84,77,572292,5.179738,0.6087,,1347738.089,
"11-Mar-20",75.41,75.89,72.525,73.68,462137,6.857447,0.5992,,1811363.8177
"12-Mar-20",68.78,68.78,62.93,63.79,501524,5.140637,0.6065,,1376433.719
"13-Mar-20",66.94,67.17,61.32,66.62,591503,5.126583,0.6023,1414614,1399964.1356
"16-Mar-20",60.4,67.21,57.89,63.16,569139,5.109534,0.596,,1406755.4347
"17-Mar-20",64.25,79.13,63.7322,77.57,611780,5.059531,0.6155,,1411442.3876
"18-Mar-20",73,76.63,69.42,76.08,571870,4.544982,0.6523,,1288720.7433
"19-Mar-20",76.17,77.55,68.71,73.88,394157,4.315579,0.6269,,1224920.7926
"20-Mar-20",73.84,74.94,62.83,63.5,518458,3.736391,0.6322,,1075703.5166
"23-Mar-20",62.82,63.72,57.37,60.26,400477,4.157177,0.6359,,1173938.2233
"24-Mar-20",62.71,67.26,59.81,67.26,361650,3.826267,0.6285,,1100569.692
"25-Mar-20",66.13,69.835,62.66,68,441956,3.598269,0.6218,,1054453.2756
"26-Mar-20",68.52,73.87,67.9,72.93,296740,3.602145,0.6223,,1055160.5826
"27-Mar-20",69.53,76.11,68.5723,72.97,292845,3.917045,0.6019,,1151354.3346
"30-Mar-20",74.47,76.59,73.395,76.29,323895,4.097199,0.6054,,1213880.2734
"31-Mar-20",75.46,75.78,72.92,74.48,433627,4.210786,0.6178,1137979,1261269.8424
"01-Apr-20",71,71.91,67.49,68.62,277690,4.675262,0.613,,1401033.7056
"02-Apr-20",67.72,72.17,67.7,70.13,346291,4.650072,0.6054,,1395941.0952,
"03-Apr-20",69.08,70.7,67.65,69.64,341567,4.672494,0.6123,,1409945.7738
"06-Apr-20",72.6,77.48,72.39,76.84,349314,4.70678,0.6272,,1428618.6786
"07-Apr-20",78.49,78.97,73.835,74.7,367890,4.668615,0.6213,,1420130.9946
"08-Apr-20",74.69,76.44,72.46,75.81,406358,4.603667,0.6244,,1413340.8474
"09-Apr-20",77.67,81.47,77.2955,79.34,351552,4.609796,0.6234,,1279884.9813
"10-Apr-20",,,,,,4.579755,0.6234,,1279884.9813
"13-Apr-20",78.27,78.91,75.3708,76.39,151933,4.290851,0.5946,,1197722.8975
"14-Apr-20",78.98,79.2,75.71,77.64,212841,4.060501,0.5932,,1132175.3071
"15-Apr-20",75.56,76.83,74.14,74.35,297294,3.933301,0.6017,1008889,1102474.0552
"16-Apr-20",74.17,75.08,72.42,74.67,231566,3.841367,0.6026,,1076300.5382
"17-Apr-20",76.18,77.99,75.5933,77.23,203657,3.605927,0.6181,,1009956.3625
"20-Apr-20",75.7,77.12,72.73,73.58,237677,3.712583,0.6097,,1042161.1682
"21-Apr-20",71.57,73.62,71.57,72.57,173935,3.830561,0.5975,,1067424.302
"22-Apr-20",74.23,74.92,72.86,73.88,227376,3.985542,0.5935,,1113512.4515
"23-Apr-20",73.87,74.29,72.23,72.35,200803,3.883337,0.5962,,1081990.4332
"24-Apr-20",72.56,73.1,71.54,72.7,292514,3.784591,0.5987,,965910.3286
"27-Apr-20",73.66,74.36,73.21,73.52,380267,3.706735,0.5835,,953601.8828
"28-Apr-20",75.25,75.76,73.44,73.91,308747,3.387993,0.5769,,875211.2075
"29-Apr-20",76.15,76.21,73.11,75.18,249197,2.887252,0.5983,,747082.3045
"30-Apr-20",74.01,74.11,71.33,72.96,366106,2.593694,0.6024,777669,676560.9634
"01-May-20",71.6,71.87,69.66,70.68,310232,2.561049,0.5944,,668792.5181
"04-May-20",69.66,71.33,69.05,71.33,231588,2.788541,0.5783,,725895.6355
"05-May-20",72.24,73.05,71.6151,72.57,218774,2.73905,0.5788,,712376.5229
"06-May-20",72.35,72.35,69.24,69.33,194942,2.75421,0.5747,,713385.4119
"07-May-20",70.46,71.6,69.9,70.81,187415,2.836538,0.5728,,734269.4142
"08-May-20",72.44,73.86,70.8907,73.46,341833,2.779087,0.5763,,723070.7463
"11-May-20",72.58,72.58,70.15,71.34,430276,2.727408,0.574,,826817.6808
"12-May-20",71.27,71.77,69.21,69.26,273637,2.616693,0.5595,,796955.1912
"13-May-20",68.74,68.82,66.88,68.24,332284,2.500119,0.5562,,766003.965
"14-May-20",67.38,68.02,64.64,67.97,427662,2.542966,0.5696,,788711.8998
"15-May-20",68.04,68.04,64.94,67.13,1078190,2.397348,0.5561,769464,774169.4895
"18-May-20",69.99,72.26,69.72,71.77,392652,2.460919,0.5463,,796099.7553
"19-May-20",71.07,72.025,69.16,69.2,188060,1.699047,0.5623,,549734.2161
"20-May-20",70.48,71.46,70.01,70.83,268871,1.619783,0.5606,,526326.3792
"21-May-20",70.46,71.45,70.36,70.59,293278,1.666524,0.5624,,543746.1648
"22-May-20",70.72,71.65,70.38,71.6,206765,1.685293,0.5758,,548101.1112
"25-May-20",,,,,,1.755008,0.5765,,574775.1579
"26-May-20",73.52,73.77,71.57,71.72,201722,1.532069,0.5745,,501129.9036
"27-May-20",73.07,73.95,71.86,73.74,244972,1.428288,0.5594,,461909.2392
"28-May-20",74.74,75,72.39,72.65,304916,1.320229,0.5566,,425205.8064
"29-May-20",71.84,73.33,71.19,72.92,335385,1.452814,0.5502,569601,462832.596
"01-Jun-20",73.17,74.05,72.25,73.06,286167,1.430378,0.5579,,454445.4384
"02-Jun-20",73.69,73.69,72.32,73,177075,1.470726,0.5673,,463679.0064
"03-Jun-20",73.78,75.25,73.74,74.27,276720,1.450085,0.5851,,454753.224
"04-Jun-20",73.41,73.45,71.08,72.28,282242,1.466107,0.5722,,459600.8472
"05-Jun-20",73.81,76.15,73.58,74.28,291254,1.285077,0.5714,,404122.4928
"08-Jun-20",74.97,76.75,74.28,76.23,324667,1.129302,0.5731,,350644.7448
"09-Jun-20",75.51,75.85,73.63,75.08,319364,1.164723,0.5546,,444630.5406
"10-Jun-20",74,75.12,72.51,72.6,353987,1.264139,0.5363,,480743.244,
"11-Jun-20",70.92,71.1,67.67,67.69,339763,1.744549,0.5472,,656465.1525
"12-Jun-20",69.65,69.65,65.64,67.63,376607,1.441712,0.5429,,540380.4687
"15-Jun-20",66,69.56,65.4,68.84,252941,0.933709,0.6163,454046,341703.6399
"16-Jun-20",71.11,71.49,69.23,69.66,328475,0.952048,0.6584,,348424.9317
"17-Jun-20",69.37,69.39,67.12,67.29,194608,0.996991,0.6416,,358449.9093
"18-Jun-20",66.65,67.53,65.99,66.63,311690,1.100288,0.6029,,389948.8446
"19-Jun-20",67.08,67.57,65.37,65.46,525756,1.090015,0.5688,,385448.9967
"22-Jun-20",65.05,66.63,64.42,66.08,191483,0.952638,0.5719,,330083.7795
"23-Jun-20",67.15,67.2,64.81,65.65,281034,1.252055,0.5174,,433238.5206
"24-Jun-20",64.76,65,63.31,64.43,270619,1.445675,0.5263,,660364.5024
"25-Jun-20",63.96,64.29,62.55,63.96,205197,1.416101,0.5234,,641794.021
"26-Jun-20",63.6,64.24,62.05,62.17,459560,1.056603,0.4872,,479290.9576
"29-Jun-20",62.82,64.6,62.52,64.39,199928,1.077374,0.4815,,486601.0982
"30-Jun-20",64.48,65.98,64.23,65.71,325718,0.803695,0.4922,623320,363418.4184
"01-Jul-20",66.16,67.26,65.745,66.59,278152,1.049174,0.4576,,470119.2284
"02-Jul-20",66.8,67.64,66.745,67.17,242495,0.966208,0.4852,,432160.9828,
"03-Jul-20",,,,,,0.968529,0.4852,,432160.9828
"06-Jul-20",67.83,68.37,66.36,67.07,344397,1.125971,0.4703,,502492.7082
"07-Jul-20",66.13,66.98,65.62,66.35,416972,1.288117,0.4474,,576910.8476
"08-Jul-20",65.94,66.265,64.99,65.32,277314,1.131757,0.4333,,504445.106
"09-Jul-20",64.65,64.65,62.31,63.22,289251,1.104939,0.4343,,489461.588
"10-Jul-20",63.47,65.787,63.47,65.55,276111,1.02634,0.4366,,776656.72
"13-Jul-20",65.74,67.04,65.15,65.26,270867,1.112322,0.4223,,840609.352
"14-Jul-20",65.23,66.22,64.4,64.93,263836,1.150929,0.4625,,874891.952
"15-Jul-20",66.09,67.41,64.89,64.91,285873,1.273029,0.4621,751398,971444.22
"16-Jul-20",64.95,65.71,63.76,64.47,274916,1.138747,0.4371,,867910.768
"17-Jul-20",64.75,65.2,64.42,64.52,250092,1.070929,0.454,,817047.856
"20-Jul-20",64.06,64.21,62.73,62.73,224794,1.136403,0.4554,,867973.1
"21-Jul-20",63.72,64.9,63.48,64.06,308639,0.968058,0.4554,,742124.792
"22-Jul-20",63.58,65.445,63.36,65.23,249741,0.84114,0.4687,,647380.152
"23-Jul-20",65.05,65.3549,64.545,65,176547,0.925097,0.4579,,710086.144
"24-Jul-20",65.37,66.075,63.3,63.37,210891,0.805022,0.4693,,478189.6872
"27-Jul-20",63.09,63.1,60.82,61.16,428825,0.673923,0.4534,,403200.1668
"28-Jul-20",61.92,64.57,61.92,63.78,652269,0.601623,0.4449,,364954.0086
"29-Jul-20",63.88,64.39,62.98,64.05,536142,0.577068,0.445,,354133.8774
"30-Jul-20",63.41,63.41,62.62,62.78,329201,1.595977,0.5444,,983279.4228
"31-Jul-20",62.43,62.83,60.7701,61.66,788873,0.887392,0.5126,965358,559566.0906
"03-Aug-20",61.45,62.15,60.31,62.04,524673,0.892721,0.5074,,567530.9094
"04-Aug-20",61.86,62.68,61.2,62.03,326274,0.921768,0.5074,,586090.44
"05-Aug-20",62.79,63.41,59.96,61,588154,0.940032,0.5226,,607880.982,
"06-Aug-20",60.65,61.63,60.55,60.66,282329,0.856254,0.5099,,555358.2618
"07-Aug-20",60.32,62.43,60.32,62.08,241778,1.374146,0.5456,,893261.9424
"10-Aug-20",62.39,63.25,62.07,62.31,259034,1.228869,0.5457,,801065.4078
"11-Aug-20",63.54,63.73,62.3,62.46,252846,1.256571,0.5593,,1408071.1788
"12-Aug-20",63.04,63.071,62.23,62.24,194871,1.30125,0.554,,1442051.7804
"13-Aug-20",61.88,61.88,60.28,61.19,252690,1.199,0.5476,,1327463.7858
"14-Aug-20",60.68,61.31,60.11,60.76,156726,0.704345,0.5236,942077,773348.2938
"17-Aug-20",60.84,61.17,60.15,60.54,297005,0.827591,0.5194,,869594.4864
"18-Aug-20",60.38,60.48,59.47,59.59,231950,0.813842,0.5177,,851928.435
"19-Aug-20",59.68,60.69,59.4436,60.03,311935,0.927478,0.4998,,966999.1086
"20-Aug-20",59.5,59.9167,59.28,59.28,237156,0.824131,0.5121,,861292.4076
"21-Aug-20",59.31,59.31,58.04,58.68,300151,0.856972,0.5192,,897010.6536
"24-Aug-20",58.87,59.55,58.265,59.53,151870,0.805728,0.5114,,841695.6402
"25-Aug-20",59.87,59.87,58.8,58.98,232151,0.799932,0.5124,,1014145.8905
"26-Aug-20",58.56,58.56,57.04,57.34,279567,0.810086,0.5042,,1025733.4376
"27-Aug-20",57.7,58.69,57.07,57.5,252273,0.868152,0.4961,,1101947.4669
"28-Aug-20",57.76,58.39,56.97,58.22,233397,1.013077,0.495,,1285181.4434
"31-Aug-20",58.05,58.73,57.95,58.21,308667,1.124712,0.4577,1032417,1424985.6702
"01-Sep-20",58.32,58.37,56.86,57.11,272986,1.183887,0.4942,,1497525.5992
"02-Sep-20",57,58.49,56.956,57.6,203824,1.218077,0.4932,,1534455.0176
"03-Sep-20",57.95,58.73,57.36,57.69,251270,1.187941,0.4914,,1502047.5688
"04-Sep-20",58.29,58.3799,56.97,57.46,241615,1.304694,0.5007,,1646750.596
"07-Sep-20",,,,,,1.30232,0.5007,,1646750.596
"08-Sep-20",57.62,57.62,55.76,56,249198,1.330547,0.5189,,1677744.9293
"09-Sep-20",56.14,56.86,55.03,55.55,353483,1.201511,0.5195,,1517215.0085
"10-Sep-20",55,55.33,53.57,54.12,292874,2.550174,0.3773,,2330061.9273,
"11-Sep-20",54.01,54.0725,52.93,53.57,287940,3.770109,0.4086,,3433199.4918
"14-Sep-20",53.8,54.53,53.48,53.71,279178,2.163505,0.4121,,1956533.4567
"15-Sep-20",53.94,54.54,52.615,52.8,222330,1.140571,0.448,914418,1027358.1567
"16-Sep-20",52.85,53.77,52.65,53.23,452262,1.283775,0.468,,1168076.5938
"17-Sep-20",53.08,53.37,52.62,53.26,253522,1.573062,0.4933,,1425871.1187
"18-Sep-20",53.52,53.52,51.54,52.16,742625,1.364843,0.4737,,1271731.2606
"21-Sep-20",51.43,51.76,50.58,51.65,349264,1.295906,0.4803,,1196674.5447
"22-Sep-20",51.69,52.79,51.41,52.31,364107,1.009924,0.4251,,935266.5603
"23-Sep-20",52.23,52.58,51.45,51.52,596785,1.021061,0.4275,,964690.4448
"24-Sep-20",51.43,52.31,50.99,51.98,297271,0.853157,0.4422,,718001.0136
"25-Sep-20",51.72,52.58,51.5,52.52,194698,1.255823,0.4835,,1052952.327
"28-Sep-20",53.06,53.46,52.42,52.89,274600,1.016156,0.4836,,848762.7876
"29-Sep-20",52.67,53.24,52.4,52.92,250666,0.798629,0.4502,,665056.2114
"30-Sep-20",54.1,55.22,52.47,53.2,375954,0.795963,0.4757,755052,668622.4416
"01-Oct-20",52.8,53.11,52.28,52.56,342290,1.060025,0.458,,891100.341
"02-Oct-20",52.27,53.52,51.815,53.39,369924,0.926646,0.5174,,782467.4826,
"05-Oct-20",53.59,53.97,52.78,53.53,313978,0.732188,0.5149,,620432.613
"06-Oct-20",53.92,55.22,53.44,54.08,395454,0.755099,0.5248,,642287.2032
"07-Oct-20",54.18,54.96,53.64,54.87,324373,0.762286,0.5259,,647773.7112
"08-Oct-20",55.33,55.86,54.75,55.8,297227,0.672268,0.517,,568036.4616
"09-Oct-20",55.83,56.11,55.54,55.77,205850,0.893742,0.5624,,849811.026
"12-Oct-20",55.51,56.3,55.44,56.25,258596,0.893381,0.5624,,849811.026
"13-Oct-20",55.87,56.44,55.495,56.32,332133,0.960704,0.5552,,914669.9928
"14-Oct-20",56.18,57.17,55.98,56.49,305412,1.083213,0.5194,,1032986.6412
"15-Oct-20",55.85,57.41,55.555,57.2,410973,1.333028,0.5032,741728,1280190.666
"16-Oct-20",56.96,57.6499,56.37,56.95,325761,1.602108,0.5131,,1541514.1632
"19-Oct-20",56.99,57.13,56.5621,56.86,441381,1.831193,0.4993,,1781922.72
"20-Oct-20",57.42,58.125,56.53,57.71,308577,1.948379,0.4846,,1894727.4888
"21-Oct-20",57.16,58.5,57.059,57.57,363029,2.195094,0.4829,,2148575.9712
"22-Oct-20",57.75,58.27,57.115,58.26,295878,2.328237,0.4653,,2277463.3476
"23-Oct-20",59.4,59.75,58.375,58.68,275134,2.05528,0.4538,,2012893.1268
"26-Oct-20",58.29,58.29,57.5801,58.19,211191,2.090804,0.4754,,1194775.4624
"27-Oct-20",58.11,58.33,57.5,57.59,263021,1.975534,0.4672,,1125572.24
"28-Oct-20",56.59,57.265,55,55.3,531973,1.915229,0.473,,1096422.3296
"29-Oct-20",55.02,56.56,53.66,56.16,278187,3.03511,0.3161,,1707457.856
"30-Oct-20",55.96,56.505,55.55,56.04,271976,2.865593,0.3071,872183,1591970.8064
"02-Nov-20",56.74,57.33,55.945,57.02,288876,3.029799,0.3079,,1641518.2368
"03-Nov-20",57.9,58.63,57.49,58.01,230767,2.989509,0.3029,,1613406.7456
"04-Nov-20",57.27,58.95,56.73,57.92,357925,3.013535,0.3029,,1613110.0544
"05-Nov-20",58.09,59.55,58.09,58.59,312666,3.08946,0.313,,1652644.1568
"06-Nov-20",58.85,58.98,57.11,57.21,354405,3.179528,0.3174,,1681126.512
"09-Nov-20",59.71,62.4,59.3,61.73,452172,3.137829,0.316,,1678530.464
"10-Nov-20",62.47,65.2,62.25,64.87,455707,3.167993,0.3194,,935329.0492
"11-Nov-20",64.25,64.54,63.03,63.58,236281,3.171209,0.3192,,935241.8309
"12-Nov-20",62.91,62.91,60.39,60.75,303938,3.217708,0.3144,,951289.9981
"13-Nov-20",61.25,63.41,61.165,63.28,198751,3.264181,0.3198,827285,965244.9261
"16-Nov-20",64.54,64.75,62.944,63.76,282151,2.952181,0.3041,,880817.6117
"17-Nov-20",63.07,65.33,62.5,64.54,325226,3.044481,0.3104,,908989.1226
"18-Nov-20",64.8,65.45,62.09,63.38,392178,3.089309,0.3201,,926694.4375,
"19-Nov-20",63.74,63.7518,61.92,63.39,241819,3.015251,0.3107,,904889.8625
"20-Nov-20",63,63.92,62.84,63.48,419624,2.991566,0.3138,,902447.7501
"23-Nov-20",64.01,64.76,63.69,64.33,224532,2.968084,0.3133,,895470.2861
"24-Nov-20",65.13,68.01,64.87,67.36,331416,3.030923,0.3205,,784348.9085
"25-Nov-20",66.82,67.1188,66.01,66.4,272662,3.081323,0.3325,,802052.8075
"26-Nov-20",,,,,,3.067288,0.3321,,801639.165
"27-Nov-20",66.21,66.73,64.92,65.69,107763,3.992306,0.3505,,1034768.078
"30-Nov-20",65.1,65.5,63.92,63.96,313883,3.877847,0.351,814989,1012265.926
"01-Dec-20",64.69,64.86,63.305,63.67,298584,3.691536,0.3479,,963125.197
"02-Dec-20",63.25,64.21,62.81,64.06,218048,3.711808,0.347,,965772.509
"03-Dec-20",64.09,64.56,63.43,64.28,178004,3.430271,0.3344,,891399.5875
"04-Dec-20",64.78,65.5,64.35,64.97,182241,3.411262,0.3307,,883457.6515
"07-Dec-20",64.67,65.61,64.17,64.5,238834,3.581935,0.3362,,927551.942
"08-Dec-20",64,64.5,63.52,64.29,321083,2.365369,0.4772,,612687.271
"09-Dec-20",64.81,65.57,64.6101,65.4,291253,2.441192,0.4866,,510101.6151
"10-Dec-20",64.7,65.33,63.85,64.89,207081,2.863407,0.4912,,594126.981,
"11-Dec-20",64.57,65.84,64.57,65.3,333928,2.857651,0.4912,,594126.981
"14-Dec-20",66.04,66.9,65.56,65.59,218637,2.776716,0.442,,575300.7351
"15-Dec-20",65.88,67.46,65.25,67.44,212177,2.563516,0.4436,976668,529416.8544
"16-Dec-20",67.84,67.84,65.7,65.85,331279,2.583367,0.4495,,536344.2609
"17-Dec-20",65.91,66.63,65.86,65.99,195179
"18-Dec-20",66.27,66.47,64.15,64.23,742408,2.863946,0.4564,,601380.3831
"21-Dec-20",63.38,64.04,60.43,61.23,501385,2.936407,0.4518,,609367.2753
"22-Dec-20",61.15,63.14,60.82,63.11,477778,2.976245,0.4466,,621510.6114
"23-Dec-20",63.2,64.13,63.02,63.24,180741,2.934293,0.4462,,607329.8028
"24-Dec-20",63.28,63.67,62.6,63.56,89247,2.922696,0.4405,,1088105.8188
"25-Dec-20",,,,,,2.936576,0.44,,1093770.4932
"28-Dec-20",63.94,64.676,63.52,64.09,145400,2.804666,0.4342,,1042007.0892
"29-Dec-20",64.07,64.35,62.844,62.99,186433,2.742336,0.4381,,1014172.0512
"30-Dec-20",62.97,64.095,62.95,63.37,153182,2.714585,0.4423,,998936.0304
"31-Dec-20",63.65,64.31,63.19,64.04,179130,2.620216,0.4471,1026439,958111.308
"01-Jan-21",,,,,,2.562338,0.4496,,933206.274
"04-Jan-21",64.42,64.42,62.84,63.41,270879,2.571098,0.4799,,929299.602
"05-Jan-21",63.78,64.13,62.06,62.39,280269,2.744197,0.4973,,991025.0196,
"06-Jan-21",63.04,64.17,62.92,63.74,488815,2.801117,0.5022,,1020911.0604
"07-Jan-21",63.5,63.51,61.88,62.24,279753,2.766774,0.483,,1002354.3684
"08-Jan-21",62.21,62.52,61.26,62.13,212528,2.566495,0.4741,,924318.5952
"11-Jan-21",61.47,62.34,60.71,60.95,275393,2.621848,0.4799,,947660.9604
"12-Jan-21",61.25,61.2651,60.4,61.01,273704,2.725588,0.4783,,1054152.853
"13-Jan-21",60.92,62.05,60.64,61.54,329079,2.368225,0.4805,,919381.4123
"14-Jan-21",62.09,62.09,60.97,61.21,182097,2.232863,0.493,,859950.5942
"15-Jan-21",60.73,61.91,60.37,61.65,234799,2.098579,0.492,972512,805241.3955
"18-Jan-21",,,,,,2.084374,0.4941,,793129.4153
"19-Jan-21",62.27,62.39,60.81,61.16,267249,2.045879,0.4953,,777527.5425
"20-Jan-21",61.05,61.6867,60.135,60.75,244888,1.988852,0.5276,,747760.8115
"21-Jan-21",61.52,64.54,60.3,61.09,343592,2.010842,0.524,,757511.982
"22-Jan-21",60.73,61.83,60.16,61.75,192342,2.256816,0.5298,,842090.5556
"25-Jan-21",61.27,61.81,60.44,61.59,403714,2.36201,0.5321,,887253.8716
"26-Jan-21",61.86,61.86,60.31,60.32,317572,2.477249,0.5374,,932109.2559
"27-Jan-21",60,61.26,59.29,60.89,418613,2.30185,0.5434,,1057995.8048
"28-Jan-21",60.92,63.13,60.42,60.46,241561,2.424472,0.5436,,1113137.2352
"29-Jan-21",60.88,61.36,59.88,61.19,399765,2.420658,0.5475,1026059,1103314.864
"01-Feb-21",61.19,62.5,60.5,62.35,317358,2.434286,0.5456,,1113039.984
"02-Feb-21",62.66,63.35,61.91,62.97,355449,2.305317,0.543,,1057801.3024
"03-Feb-21",62.36,62.71,61.29,62.26,319373,2.438328,0.537,,1120722.8288
"04-Feb-21",61.92,64.135,61.15,64.02,391021,2.454378,0.5354,,1137936.2912,
"05-Feb-21",64.58,65.72,63.68,65.1,304696,2.560239,0.5293,,1183644.3552
"08-Feb-21",65.44,65.61,64.405,64.75,275493,2.55577,0.5231,,1175183.5008
"09-Feb-21",62.92,64.51,62.75,64.24,542369,2.594992,0.5155,,1124765.8758
"10-Feb-21",64.68,64.99,63.22,63.22,818720,2.524202,0.5172,,1115633.9507
"11-Feb-21",63.25,63.85,62.86,63.82,497268,2.833803,0.5245,,1255280.5806
"12-Feb-21",63.83,64.11,63.29,63.97,416087,3.525692,0.5008,1648727,1576539.6535
"15-Feb-21",,,,,,3.486339,0.4862,,1567818.152
"16-Feb-21",64.05,64.83,63.63,64.81,527543,4.985516,0.494,,2268206.0254
"17-Feb-21",64.76,66.52,64.37,66.47,490995,5.321004,0.5027,,2447150.715
"18-Feb-21",66.57,68.05,66.41,67.61,383954,5.486773,0.5083,,2530979.7353
"19-Feb-21",67.54,68.29,67.12,67.67,1027914,5.31678,0.513,,2532621.4297
"22-Feb-21",67.83,67.83,66.22,66.74,414863,5.379398,0.5081,,2572535.1248
"23-Feb-21",66.41,69.39,66.41,68.69,439563,5.230832,0.5045,,2515588.8503
"24-Feb-21",68.98,68.98,67.84,68.06,408214,5.183946,0.5045,,2630708.8012
"25-Feb-21",68.41,69.15,67.73,67.94,279241,5.426977,0.5162,,2747108.9274
"26-Feb-21",67.98,68.58,66.32,66.42,331001,5.828973,0.517,1729827,2958970.3469
"01-Mar-21",67.37,67.7,66.88,66.97,274914,5.439699,0.5073,,2786513.5027
"02-Mar-21",66.84,67.33,65.79,66.81,292393,5.485611,0.5047,,2809265.9353
"03-Mar-21",66.83,67.64,66.2,67.28,260535,5.483959,0.5065,,2814212.1163
"04-Mar-21",67.09,68.88,66.99,67.98,504017,5.511676,0.5117,,2873731.161
"05-Mar-21",68.7,71.78,68.32,70.92,620961,5.680317,0.5148,,3024259.9361
"08-Mar-21",71.31,72.98,69.54,72.77,466549,5.79445,0.5195,,3118237.3751
"09-Mar-21",72.36,73.11,71.49,71.97,390725,5.918607,0.5097,,1868040.1773
"10-Mar-21",71.14,73.1,70.71,72.47,296953,6.274649,0.5163,,1980997.8804,
"11-Mar-21",72.11,73.46,71.57,72.87,344949,6.53937,0.5268,,2077868.1924
"12-Mar-21",73.53,75.47,72.85,75.13,440794,6.736823,0.416,,2151212.8572
"15-Mar-21",75.42,75.69,74.02,74.64,365731,6.826181,0.4216,1763795,2194458.5322
"16-Mar-21",74.23,75.78,74,75.53,384169,6.509096,0.4194,,2109005.0784
"17-Mar-21",75.77,75.77,73.03,73.48,357548,6.496767,0.4216,,2107448.2341
"18-Mar-21",73.57,74.28,72.91,74.1,411913,6.924643,0.4127,,2268322.1451
"19-Mar-21",74.34,74.7,72.97,73.74,726401,5.984162,0.4824,,1958856.0948
"22-Mar-21",73.71,73.85,71.58,72.35,307021,6.255362,0.4882,,2029779.0018
"23-Mar-21",71.81,73.27,71.2623,71.6,381088,6.25907,0.4881,,2022167.763
"24-Mar-21",72.2,73.47,71.48,72.26,331793,6.332461,0.4935,,1655674.3665
"25-Mar-21",72.37,73.75,71.56,72.99,281282,5.937916,0.4859,,1565897.201
"26-Mar-21",73.54,74.12,71.1801,74.05,236516,5.637581,0.4619,,1478236.5895
"29-Mar-21",73.64,74.495,72.91,73.62,272673,5.728666,0.465,,1510690.4175
"30-Mar-21",73.2,74.125,72.785,73.88,203858,5.876814,0.4636,,1550904.9435
"31-Mar-21",73.75,74.33,72.69,73.89,301237,5.842975,0.4623,1678376,1551963.2205
"01-Apr-21",73.85,74.19,73.03,73.37,264689
"02-Apr-21",,,,,,5.436321,0.4775,,1449486.731,
"05-Apr-21",73.67,74.42,72.7,74.1,294167,5.615163,0.4902,,1498696.6115
"06-Apr-21",73.97,74.53,73.74,74.48,230444,5.608992,0.4935,,1493757.9855
"07-Apr-21",74.59,75.09,74.31,74.74,162352,5.618664,0.485,,1474885.379
"08-Apr-21",74.9,75.84,74.79,75.73,239904,6.00842,0.4888,,1574539.7965
"09-Apr-21",75.78,76.46,75.43,76.16,247437,5.572884,0.4792,,1581701.5424
"12-Apr-21",76.54,77.38,76.315,76.79,219587,5.772388,0.4842,,1634234.7112
"13-Apr-21",76.27,76.93,75.89,76.2,238951,6.105341,0.4717,,1725874.0408
"14-Apr-21",76.26,76.925,76.03,76.19,340112,5.800932,0.4645,,1640612.54
"15-Apr-21",76.29,77.5,75.68,77.4,268665,5.616977,0.4581,1487083,1594625.0376
"16-Apr-21",77.58,77.95,76.7,77.26,247553,5.499212,0.4569,,1562232.3808
"19-Apr-21",77.69,77.85,76.595,77.16,298260,5.059991,0.457,,1433333.104
"20-Apr-21",76.79,77.69,76.44,77.48,264041,4.593755,0.4388,,1301077.0752
"21-Apr-21",77.33,77.76,76.6,77.38,228992,4.548155,0.4401,,1287146.5544
"22-Apr-21",77.5,77.5,76.52,76.71,183425,3.921804,0.4352,,1102189.5192
"23-Apr-21",76.85,77.125,76.12,76.37,152961,3.882463,0.4338,,1089266.024
"26-Apr-21",76.52,76.52,75.42,75.49,114417,4.065482,0.4448,,1050029.3063
"27-Apr-21",75.47,75.61,74.74,75.02,223133,3.938969,0.4437,,1013000.9396
"28-Apr-21",75.09,75.38,74.24,74.46,225462,4.028782,0.4414,,1027128.2281
"29-Apr-21",74.79,75.52,74.61,75.07,216399,4.329295,0.4515,,1102523.3362
"30-Apr-21",74.72,75.97,74.55,75.34,358456,3.839991,0.4389,1501010,976121.2812
"03-May-21",75.84,76.43,75.47,75.9,260042,3.947106,0.4441,,1000360.7341
"04-May-21",76.01,76.285,75.42,75.88,150548,3.949635,0.4573,,993222.7357
"05-May-21",75.73,75.73,74.575,75.3,181976,3.325677,0.4649,,828156.5227
"06-May-21",75.73,76.49,75.34,76.41,239309,3.435152,0.4738,,852693.3922
"07-May-21",76.52,77.2,75.83,75.89,491867,3.043997,0.475,,760940.3711,
"10-May-21",76.29,77.87,76.29,77.29,265424,3.241832,0.4856,,802429.9868
"11-May-21",77.52,77.52,76.21,76.59,218719,2.990917,0.4931,,1106094.269
"12-May-21",76.83,76.8674,73.81,73.99,299698,2.983346,0.4931,,1092735.28
"13-May-21",73.85,75.872,73.85,75.5,262114,2.777803,0.488,,1009729.427
"14-May-21",75.85,76.16,75.36,75.47,277770,2.810499,0.4509,1432693,1019185.79
"17-May-21",75.13,75.245,74.32,74.48,311343,3.182391,0.4612,,1141818.307
"18-May-21",74.06,74.74,73.68,73.72,332114,4.119077,0.4914,,1466336.669
"19-May-21",73.18,74.26,72.665,72.8,239034,4.911648,0.4998,,1735918.065
"20-May-21",72.55,73.37,72.49,72.92,200623,4.852676,0.4924,,1643756.051
"21-May-21",73.21,73.72,72.23,72.74,802914,4.238476,0.4774,,1472791.012
"24-May-21",72.83,73.57,72.49,73.13,182100,3.614909,0.4627,,1232929.614
"25-May-21",73.19,73.19,71.8,71.89,179717,4.215702,0.468,,1996887.5034
"26-May-21",72.03,72.65,71.81,72.35,314914,4.948791,0.5194,,2348613.6349
"27-May-21",72.87,72.9,71.64,71.77,261421,4.798281,0.5206,,2268812.6348
"28-May-21",72.02,72.02,71.48,71.66,242997,4.823647,0.5171,1427455,2273970.3296
"31-May-21",,,,,,4.854333,0.516,,2288440.5289
"01-Jun-21",71.88,72.29,71.52,72.2,128981,4.909238,0.5178,,2294028.0316
"02-Jun-21",72.39,73.01,72.13,72.58,210755,4.795826,0.5137,,2233568.387
"03-Jun-21",72.46,72.96,72.29,72.84,143727,4.841425,0.4752,,2237436.6581
"04-Jun-21",72.95,73.035,72.02,72.07,157707,4.81148,0.4634,,2211648.1841
"07-Jun-21",72.11,72.75,71.85,72.5,216441,5.121001,0.4651,,2276405.9077
"08-Jun-21",72.62,73.14,72.26,73.08,286882,6.057178,0.4819,,2693176.3014
"09-Jun-21",73.2,73.985,72.895,73.91,241122,6.502716,0.4914,,1792597.989
"10-Jun-21",73.8,75.22,73.22,74.65,354608,7.202424,0.4914,,1981593.031,
"11-Jun-21",75.16,75.69,74.98,75.69,200807,8.488783,0.5026,,2323183.0125
"14-Jun-21",75.74,75.97,75.07,75.4,191602,6.891833,0.4833,,1852408.3535
"15-Jun-21",75.02,76.05,74.84,75.62,219620,6.64027,0.4867,1472755,1779465.403
"16-Jun-21",75.82,76.34,75.45,76.3,350250,6.6688,0.4845,,1785603.4595
"17-Jun-21",76.39,76.85,75.745,76.01,243158,6.666179,0.4862,,1770615.182
"18-Jun-21",75.65,75.83,72.5,72.52,421844,6.911679,0.4856,,1842558.914
"21-Jun-21",73.15,74.77,72.88,74.67,215793,7.505629,0.4883,,1925351.304
"22-Jun-21",74.495,75.04,70.88,71.18,1029535,7.436079,0.4945,,1994440.126
"23-Jun-21",70.93,71.24,69.88,70.33,530553,7.301526,0.4865,,1983163.2315
"24-Jun-21",70.23,71.09,69.77,71.07,232665,8.302869,0.4777,,1850958.484
"25-Jun-21",70.85,73.21,70.66,73.17,939260,7.078748,0.4806,,1632107.091
"28-Jun-21",72.93,73.19,72.32,72.96,254157,7.184787,0.4845,,1658174.8545
"29-Jun-21",73.09,73.55,72.135,72.32,377110,7.338611,0.4841,,1702357.5045
"30-Jun-21",72.29,73.3572,71.56,72.27,243273,7.579262,0.4811,1458199,1755523.96
"01-Jul-21",72.55,73.39,72.15,73.03,167468,7.881066,0.4785,,1819883.3535
"02-Jul-21",73.04,73.28,72.31,72.8,170020,8.982788,0.504,,2063477.0305,
"06-Jul-21",72.76,73.13,71.02,72.11,191554,9.15354,0.5036,,2090722.998
"07-Jul-21",71.76,72.66,71.76,72.22,163266,9.38905,0.5017,,2136378.403
"08-Jul-21",71.77,72.32,71.08,71.49,153446,9.337633,0.4987,,2123712.71
"09-Jul-21",72.2,72.32,71.32,72.16,210545,9.224193,0.4995,,2094404.8855
"12-Jul-21",71.61,72.81,71.35,72.66,203531,9.411769,0.5014,,1770836.8656
"13-Jul-21",72.4,72.89,71.99,72.1,164034,9.594731,0.5033,,1799563.3859
"14-Jul-21",72.37,72.76,71.66,72,216016,9.594497,0.4992,,1797230.2675
"15-Jul-21",71.71,73.68,71.71,73.65,174797,9.977832,0.5014,1543796,1851475.2703
"16-Jul-21",74,74.46,73.14,73.47,315020,9.307966,0.4905,,1731757.1324
"19-Jul-21",72.48,73.015,70.13,70.74,337959,9.415862,0.5011,,1760921.1124
"20-Jul-21",70.69,72.15,70.67,71,465207,9.170041,0.5003,,1731173.8528
"21-Jul-21",71.47,71.62,70.4,70.54,325526,10.175832,0.4953,,1927593.2581
"22-Jul-21",70.29,70.59,68.7,68.77,291529,10.097121,0.4938,,1919427.3437
"23-Jul-21",69,70.5,68.85,70.34,215298,9.924535,0.4906,,1889971.7239
"26-Jul-21",70.75,71.585,70.3,70.87,293072,9.855167,0.4931,,1577141.9936
"27-Jul-21",70.49,72.09,70.17,71.87,319870,9.477085,0.4953,,1533761.326
"28-Jul-21",72.02,72.055,70.99,71.68,363340,9.098229,0.4957,,1483742.3356
"29-Jul-21",72.11,72.11,71.03,71.81,236743,8.847216,0.4966,,1443758.0192
"30-Jul-21",71.93,72.48,70.63,70.95,471214,8.088925,0.4902,1420038,1338162.3728
"02-Aug-21",71.34,72.37,71.3,71.65,300307,7.910513,0.4835,,1304661.9996
"03-Aug-21",72.11,73.33,71.45,73.15,528784,7.253693,0.4887,,1211262.3416
"04-Aug-21",72.68,72.96,71.66,72.92,321086,7.168849,0.4859,,1200918.9084
"05-Aug-21",72.95,74.23,72.3,73.21,270821,7.035212,0.4828,,1185944.0872,
"06-Aug-21",73.31,73.57,72.51,72.59,192960,6.613855,0.4735,,1115546.9896
"09-Aug-21",72.49,72.49,71.66,71.86,130942,6.248216,0.4532,,1037122.1528
"10-Aug-21",71.6,71.925,70.89,71.59,147953,6.178518,0.4565,,1079938.899
"11-Aug-21",71.95,72.365,71.535,72.2,234971,6.025742,0.4526,,1051538.139
"12-Aug-21",72.34,72.34,71.24,71.58,207586,5.996585,0.4517,,1045857.987
"13-Aug-21",71.94,72.65,71.44,72.26,201938,5.800955,0.447,1288240,1006522.9344
"16-Aug-21",72.26,72.91,71.95,72.28,164401,6.044679,0.4576,,1043869.9338
"17-Aug-21",71.7,72.41,71.5,71.88,185367,5.670881,0.4507,,974004.0642
"18-Aug-21",71.58,72.29,70.3,70.36,263399,5.849344,0.4561,,1002120.8166
"19-Aug-21",69.74,70.45,68.82,69.3,270340,5.661016,0.4536,,966619.8666
"20-Aug-21",69.11,69.89,68.49,69.6,203319,5.564929,0.4526,,948301.3764
"23-Aug-21",69.64,69.64,68.7855,69.16,126469,6.107191,0.4631,,1006806.942
"24-Aug-21",69.13,69.13,68.17,68.63,237749,6.092685,0.461,,1282829.392
"25-Aug-21",68.94,69.12,67.76,67.76,461752,6.621582,0.4746,,1416033.408
"26-Aug-21",67.6,67.74,66.14,66.18,347801,7.398287,0.514,,1596902.304
"27-Aug-21",66.18,67.055,66.15,66.63,565359,6.366785,0.501,,1393102.736
"30-Aug-21",66.63,67.1256,66.21,66.69,196605,6.516794,0.4979,,1424149.32
"31-Aug-21",66.53,66.9,66.38,66.7,334135,6.243929,0.4944,1489868,1368110.88
"01-Sep-21",67.09,67.76,66.52,67.49,164476,6.279753,0.4982,,1367209.112
"02-Sep-21",67.51,67.79,67.23,67.34,195395,6.309985,0.5013,,1378674.448
"03-Sep-21",67.01,67.225,66.15,66.17,190660,6.142717,0.4986,,1340671.368
"06-Sep-21",,,,,,6.05324,0.4986,,1340542.544
"07-Sep-21",66.05,66.19,64.07,64.1,328042,6.497789,0.5117,,1442055.856
"08-Sep-21",63.94,65.76,63.51,65.55,458699,7.43673,0.5125,,1671620.224
"09-Sep-21",64.73,65.69,64.35,65.28,446055,7.751988,0.5232,,1757159.36,
"10-Sep-21",65.44,65.57,63.34,63.41,291018,8.141666,0.5254,,2014897.4832
"13-Sep-21",63.99,64.5599,63.21,63.74,390787,7.901529,0.5188,,1969009.5488
"14-Sep-21",63.92,64.04,62.2,62.87,348583,7.88999,0.5408,,1971244.3508
"15-Sep-21",62.99,63.085,61.77,61.99,275053,8.597166,0.5639,1847035,2157179.8772
"16-Sep-21",62,63.4562,61.145,62.97,828416,7.999512,0.5642,,2069873.6124
"17-Sep-21",63.28,63.28,62.2,62.54,906093,7.456665,0.5621,,1982865.3212
"20-Sep-21",62.31,62.5952,61.09,61.95,274957,7.959826,0.5875,,2109057.1408
"21-Sep-21",62.27,62.65,61.62,61.74,404666,7.633742,0.5706,,2031435.018
"22-Sep-21",62.29,62.32,61.38,61.47,285362,6.699985,0.547,,1788884.5076
"23-Sep-21",61.38,61.94,60.92,60.95,233173,7.055479,0.5448,,1811530.5012
"24-Sep-21",61.25,61.81,60.985,61.08,255600,7.693508,0.5431,,1667872.605
"27-Sep-21",61.15,62.8,61.01,61.66,306554,7.798295,0.5423,,1641460.0045
"28-Sep-21",61.81,61.81,60.05,60.85,309251,8.208643,0.5427,,1729378.8705
"29-Sep-21",60.82,62.16,60.35,62.05,212496,7.633811,0.5407,,1604704.008
"30-Sep-21",62.44,62.48,61.18,61.18,252077,7.600561,0.5473,1703481,1587157.1755
"01-Oct-21",61.56,62.3,60.96,62.09,298863,7.26649,0.5686,,1521956.84
"04-Oct-21",62.05,63.42,62,63.18,265601,7.445646,0.5483,,1577737.297,
"05-Oct-21",63.18,63.97,62.71,63.33,338715,7.699945,0.5481,,1635364.789
"06-Oct-21",63.14,63.68,61.74,63.5,210590,7.670457,0.5495,,1621881.4335
"07-Oct-21",63.53,64.4,63.13,63.9,305612,7.562137,0.548,,1608398.078
"08-Oct-21",64.04,64.19,63.46,63.75,154901,7.535105,0.5482,,1601933.4555
"11-Oct-21",63.85,64.18,63.27,63.47,167463,7.496148,0.5482,,1719323.3733
"12-Oct-21",63.31,64.36,63.22,64.09,244029,7.99255,0.5553,,1828175.8092
"13-Oct-21",64.09,65.55,63.66,65.33,321646,8.088256,0.5594,,1861052.9925
"14-Oct-21",65.77,66.11,65.2201,65.98,190254,8.432576,0.563,,1942990.4286
"15-Oct-21",66.26,66.32,64.32,64.32,480229,8.159403,0.5603,1872486,1905173.1504
"18-Oct-21",63.93,64.29,62.85,63.09,308030,8.190514,0.5626,,1924252.1376
"19-Oct-21",63.19,63.42,61.42,63.22,467013,8.008265,0.5589,,1896485.3973
"20-Oct-21",63.19,64.7,63.0406,64.5,243442,7.859411,0.5552,,1852535.5875
"21-Oct-21",64.6,64.6,63.54,64.09,423418,8.595638,0.546,,2021861.5989
"22-Oct-21",64.16,64.51,63.77,64.25,210777,8.258521,0.5429,,1931577.1059
"25-Oct-21",64.56,65.3,63.775,65.11,233137,8.809784,0.5454,,2063596.8834
"26-Oct-21",65.11,65.71,64.99,65.23,236021,8.969516,0.5529,,2058049.3626
"27-Oct-21",65.16,65.16,63.6811,63.81,229758,8.77299,0.5521,,2006555.9976
"28-Oct-21",63.96,64.31,63.28,63.41,287663,9.422193,0.5577,,2151673.6626
"29-Oct-21",63.41,64.085,62.17,62.76,384581,9.042683,0.5536,,2067224.544
"01-Nov-21",62.76,64.475,62.61,64.08,336578,8.925178,0.5558,,2033145.2988
"02-Nov-21",64.08,64.4157,62.76,63.3,224290,9.351114,0.5566,,2121901.1352
"03-Nov-21",63.3,64.11,62.98,63.18,465539,,0.5559,,2269453.032
"19-Nov-21",,,,,,,,,,,0